1057    34      1
61      1499    1
84      353     1
1351    65      1
818     92      1
922     67      1
110     916     1
1700    105     1
112     387     1
187     1924    1
750     134     1
1458    259     1
154     338     1
305     1684    1
214     1654    1
323     974     1
541     256     1
1338    270     1
636     371     1
272     390     1
364     276     1
443     1945    1
392     288     1
1435    445     1
298     1930    1
628     447     1
647     310     1
1135    457     1
579     316     1
1213    489     1
769     322     1
1150    489     1
332     1581    1
493     1196    1
1119    336     1
501     1837    1
368     1996    1
1900    589     1
1895    388     1
716     593     1
1287    593     1
1972    607     1
440     1391    1
560     1496    1
794     689     1
588     1703    1
699     968     1
753     894     1
634     1976    1
809     1856    1
859     1495    1
889     1647    1
954     945     1
961     1566    1
854     980     1
1051    1965    1
902     1414    1
1076    1107    1
1225    1165    1
1342    1211    1
1789    968     1
1431    1259    1
1520    1110    1
1144    1120    1
1355    1663    1
1160    1769    1
1236    1522    1
1900    1553    1
1569    1614    1
1426    1996    1
1466    1770    1
1691    1723    1
1721    1490    1
1801    1699    1
1737    1803    1
1876    1763    1
1704    1937    1
1854    1778    1
1890    1917    1
1943    1888    1
1154    129     2
4       1449    2
145     946     2
96      638     2
171     1918    2
96      535     2
1638    179     2
1276    162     2
185     1682    2
1933    224     2
193     696     2
884     256     2
203     1783    2
298     209     2
334     567     2
221     593     2
448     358     2
1229    227     2
376     1995    2
1635    243     2
1700    390     2
1693    341     2
811     343     2
553     482     2
1906    447     2
518     1835    2
902     511     2
515     1598    2
642     868     2
666     1964    2
541     1728    2
551     1875    2
1151    732     2
1466    725     2
1294    731     2
779     980     2
1711    737     2
1353    992     2
1681    1056    2
1156    1074    2
991     813     2
901     925     2
913     1769    2
1210    1204    2
959     1567    2
1191    1256    2
1570    971     2
1906    979     2
1340    1404    2
1464    1027    2
1135    1511    2
1922    1163    2
1169    1707    2
1840    1205    2
1758    1672    2
1243    1683    2
1694    1579    2
1275    1828    2
1341    1853    2
1732    1519    2
1417    1389    2
1417    1677    2
1717    1457    2
1940    1918    2
1132    30      3
23      639     3
166     76      3
711     43      3
1251    82      3
1353    55      3
983     108     3
1761    79      3
140     1844    3
781     99      3
220     148     3
954     105     3
156     458     3
195     109     3
1409    158     3
1328    161     3
1998    160     3
1590    181     3
1430    205     3
1979    228     3
229     1453    3
1722    316     3
1459    289     3
328     1230    3
375     564     3
530     348     3
550     403     3
1077    356     3
1725    425     3
436     358     3
580     447     3
406     1965    3
1562    521     3
408     655     3
531     710     3
555     1766    3
977     442     3
559     1534    3
575     1913    3
574     498     3
1234    629     3
1415    498     3
635     770     3
1426    540     3
1465    546     3
1077    701     3
727     894     3
1346    777     3
594     1324    3
797     702     3
1525    602     3
1667    817     3
646     1307    3
1730    839     3
662     1715    3
891     1486    3
1485    674     3
934     963     3
760     858     3
1942    806     3
1730    1087    3
1341    846     3
1105    1152    3
1143    1267    3
1213    1770    3
1448    1221    3
1552    946     3
1160    960     3
1342    1299    3
1122    980     3
1052    1669    3
1417    1347    3
1146    1654    3
1547    1172    3
1437    1987    3
1222    1469    3
1270    1879    3
1342    1723    3
1547    1931    3
1549    1494    3
1748    1653    3
1938    1532    3
1851    1731    3
1813    1902    3
1815    1596    3
1863    1668    3
1947    1690    3
1189    37      4
1854    8       4
49      1782    4
1693    12      4
1161    57      4
634     24      4
61      916     4
113     1299    4
38      465     4
115     1699    4
56      1205    4
123     326     4
364     88      4
139     1248    4
94      796     4
100     149     4
151     1396    4
110     633     4
177     212     4
112     1505    4
408     189     4
128     1262    4
889     241     4
196     1785    4
422     249     4
1629    210     4
541     277     4
439     407     4
214     1162    4
413     1360    4
808     274     4
433     1665    4
302     1945    4
539     1307    4
1640    372     4
563     1282    4
625     1904    4
440     1958    4
454     1031    4
767     639     4
1243    486     4
642     659     4
1106    542     4
1635    721     4
556     1981    4
755     1196    4
562     1953    4
763     1993    4
1145    564     4
634     1853    4
769     1804    4
917     799     4
1289    801     4
648     1215    4
1076    857     4
686     948     4
859     1086    4
1098    722     4
750     1753    4
905     1803    4
1705    762     4
907     1228    4
1244    923     4
886     1765    4
937     979     4
937     1047    4
1154    951     4
970     1374    4
1822    976     4
1147    993     4
986     1718    4
996     1503    4
1476    1058    4
1049    1462    4
1147    1612    4
1130    1603    4
1997    1163    4
1286    1179    4
1898    1204    4
1915    1216    4
1222    1739    4
1385    1910    4
1524    1423    4
1529    1449    4
1818    1360    4
1384    1646    4
1627    1450    4
1957    1602    4
1622    1980    4
1722    1770    4
1349    15      5
10      618     5
63      1165    5
884     30      5
107     77      5
826     32      5
628     95      5
1893    50      5
54      918     5
115     943     5
54      1596    5
962     179     5
96      486     5
922     227     5
1706    104     5
287     497     5
128     321     5
130     1248    5
365     1326    5
136     455     5
1295    367     5
1177    202     5
226     462     5
1442    473     5
654     228     5
1255    481     5
1921    270     5
483     1438    5
446     1554    5
493     1427    5
730     458     5
545     1567    5
653     1424    5
684     520     5
661     1829    5
594     1208    5
717     1527    5
600     1837    5
1990    765     5
606     806     5
785     1673    5
815     1517    5
1113    839     5
628     915     5
1618    931     5
1830    951     5
1077    726     5
1029    1665    5
986     1129    5
1147    1762    5
902     988     5
920     1320    5
1195    1460    5
1693    932     5
1289    1585    5
1305    1670    5
1337    1641    5
1044    1654    5
1351    1058    5
1713    1086    5
1756    1110    5
1160    1362    5
1467    1580    5
1700    1166    5
1232    1532    5
1642    1575    5
1637    1967    5
1943    1452    5
1558    1506    5
1850    1974    5
9       30      6
1138    26      6
1394    33      6
1339    39      6
872     50      6
69      308     6
1301    64      6
71      338     6
86      455     6
221     1347    6
128     1315    6
1618    289     6
152     1677    6
1791    321     6
601     192     6
357     860     6
1831    216     6
727     369     6
246     1740    6
1498    419     6
595     421     6
1922    435     6
1142    348     6
354     1441    6
469     1037    6
892     394     6
1244    475     6
1363    396     6
495     1211    6
414     1483    6
1416    503     6
1406    486     6
533     1645    6
1052    576     6
569     1497    6
1231    622     6
1094    676     6
686     1042    6
1929    655     6
1203    698     6
1156    655     6
1116    710     6
695     1602    6
699     1206    6
755     1903    6
924     1096    6
767     1809    6
1014    1107    6
775     1265    6
843     1019    6
1746    867     6
1084    1256    6
1893    1047    6
1083    1519    6
1141    1350    6
1160    1799    6
1366    1663    6
1921    1380    6
1862    1423    6
1456    1729    6
1963    1453    6
1542    1814    6
1922    1495    6
1787    1604    6
1998    1527    6
1622    1944    6
1726    1766    6
1781    1808    6
1768    1908    6
1922    1782    6
1891    1868    6
5       1672    7
42      1873    7
5       612     7
110     1047    7
1599    7       7
1039    170     7
1826    53      7
1671    188     7
822     85      7
214     1591    7
952     129     7
218     1993    7
203     149     7
226     596     7
185     1782    7
959     236     7
201     1261    7
320     932     7
332     311     7
213     824     7
332     1438    7
1143    263     7
350     868     7
627     283     7
1975    458     7
463     309     7
781     460     7
480     491     7
1223    347     7
500     1307    7
373     1958    7
516     1235    7
1858    419     7
536     1090    7
947     540     7
548     976     7
714     507     7
775     596     7
1106    623     7
1749    641     7
673     1553    7
1002    710     7
1881    725     7
745     1265    7
716     993     7
1878    749     7
1198    800     7
897     841     7
848     1163    7
1081    929     7
906     1841    7
1582    945     7
1622    908     7
922     1481    7
1069    1610    7
1012    1114    7
1093    1699    7
1103    1661    7
1118    1964    7
1149    1171    7
1806    1252    7
1972    1396    7
1191    1269    7
1810    1207    7
1456    1532    7
1915    1496    7
1584    1953    7
1319    1401    7
1821    1646    7
1652    1923    7
1787    1752    7
1629    1829    7
1874    1939    7
1961    1703    7
48      1899    8
166     37      8
1489    52      8
139     1683    8
96      1429    8
329     155     8
110     752     8
157     1897    8
825     120     8
505     165     8
1084    138     8
211     189     8
1749    207     8
184     921     8
200     1253    8
225     507     8
1044    242     8
1726    227     8
250     796     8
1142    269     8
264     1041    8
285     1291    8
412     274     8
302     1718    8
365     1488    8
375     993     8
544     1108    8
379     726     8
581     405     8
580     1515    8
413     1605    8
1029    618     8
427     669     8
682     1796    8
1297    710     8
519     1285    8
1793    732     8
1859    597     8
621     956     8
1330    796     8
679     975     8
872     908     8
1222    733     8
1419    739     8
1432    914     8
1795    749     8
797     1073    8
1876    1050    8
863     1360    8
1076    1955    8
1525    915     8
1092    1321    8
955     1839    8
1112    1389    8
983     1845    8
1156    1843    8
1676    1025    8
1180    1844    8
1587    1061    8
1236    1399    8
1071    1285    8
1680    1248    8
1139    1285    8
1671    1173    8
1914    1452    8
1920    1740    8
1325    1778    8
1742    1621    8
1501    1683    8
1587    1741    8
1745    1779    8
1801    1757    8
4       762     9
44      1609    9
1300    43      9
1748    50      9
759     97      9
788     68      9
103     1610    9
174     849     9
107     127     9
184     1042    9
648     204     9
385     149     9
814     212     9
211     1316    9
1732    224     9
223     762     9
240     1969    9
884     301     9
284     1428    9
483     317     9
1385    288     9
903     343     9
298     1918    9
373     1783    9
1655    316     9
383     425     9
350     1824    9
884     372     9
1640    456     9
1102    471     9
1409    468     9
1275    520     9
555     664     9
526     726     9
1093    583     9
536     629     9
627     856     9
1190    542     9
820     552     9
631     871     9
957     592     9
1825    663     9
1986    614     9
1583    721     9
782     638     9
779     1215    9
656     698     9
791     1486    9
662     1794    9
795     1777    9
893     849     9
746     1335    9
1997    911     9
1355    963     9
977     1242    9
1023    1614    9
1264    834     9
1093    1689    9
872     1902    9
1776    1097    9
1115    880     9
1724    1107    9
906     1647    9
936     1659    9
1297    1561    9
1301    1470    9
1106    1811    9
1150    1696    9
1156    1769    9
1667    1433    9
1340    1483    9
1272    1320    9
1306    1497    9
1290    1987    9
1521    1773    9
1464    1553    9
1655    1663    9
1743    1528    9
1911    1538    9
1713    1654    9
1717    1852    9
1706    1836    9
1793    1790    9
1992    1750    9
19      1221    10
784     40      10
1225    43      10
1185    120     10
91      1110    10
323     148     10
662     95      10
200     1647    10
769     95      10
1240    202     10
1649    165     10
282     1924    10
1000    217     10
547     308     10
720     231     10
1080    336     10
279     1769    10
1361    344     10
934     301     10
1599    348     10
305     1899    10
1831    498     10
1860    309     10
1156    542     10
548     867     10
1378    325     10
642     1400    10
331     339     10
662     842     10
1209    347     10
1761    678     10
397     1786    10
1533    708     10
399     1061    10
1212    401     10
409     1899    10
822     1566    10
441     1474    10
838     1805    10
1509    511     10
517     1434    10
864     1526    10
609     689     10
681     890     10
619     1610    10
1052    918     10
759     1794    10
887     1004    10
1032    1307    10
1830    831     10
1827    1054    10
1825    911     10
1128    975     10
933     1589    10
1378    1140    10
959     1625    10
1361    1172    10
1671    1196    10
1202    1197    10
1234    1967    10
1355    1257    10
1478    1259    10
1509    1269    10
1343    1410    10
1830    1428    10
1468    1833    10
553     18      11
25      378     11
1357    64      11
45      851     11
1671    47      11
575     88      11
81      1373    11
952     108     11
81      1750    11
201     122     11
174     869     11
180     362     11
266     232     11
563     313     11
1652    232     11
355     1707    11
365     1620    11
292     950     11
413     1284    11
304     776     11
439     678     11
501     1463    11
380     1031    11
392     1786    11
1624    617     11
711     452     11
1938    456     11
808     737     11
1338    486     11
1217    743     11
1419    532     11
763     1174    11
1815    540     11
769     1896    11
704     554     11
791     1586    11
899     1171    11
1224    762     11
1713    919     11
994     943     11
772     1316    11
1017    975     11
987     1814    11
1243    999     11
840     1413    11
1009    1932    11
934     1842    11
1498    1107    11
1464    976     11
1398    976     11
1176    1050    11
1249    1375    11
1104    1282    11
1126    1438    11
1342    1200    11
1222    1508    11
1984    1575    11
1611    1797    11
1890    1669    11
1810    1809    11
61      1046    12
1792    30      12
141     268     12
952     68      12
863     149     12
1920    68      12
230     163     12
84      485     12
1664    183     12
102     1522    12
187     1050    12
285     144     12
197     1917    12
1067    186     12
861     207     12
650     216     12
930     231     12
234     710     12
1032    293     12
329     1454    12
1437    300     12
385     503     12
312     1931    12
1787    405     12
352     659     12
606     481     12
874     358     12
432     929     12
1052    452     12
1768    537     12
512     1248    12
543     1320    12
572     974     12
547     1309    12
1601    582     12
615     904     12
1710    620     12
727     1594    12
1467    674     12
1169    777     12
684     914     12
789     1557    12
1874    835     12
716     1718    12
1640    718     12
814     1263    12
996     929     12
1349    834     12
1916    836     12
1549    1031    12
1458    914     12
1406    1079    12
962     1087    12
1732    1199    12
1356    1263    12
986     1196    12
1501    1331    12
1024    1786    12
1747    1375    12
1439    1995    12
1735    1120    12
1776    1483    12
1156    1995    12
1222    1816    12
1882    1316    12
1582    1723    12
1322    1522    12
1725    1490    12
1906    1765    12
1883    1896    12
1915    1886    12
1876    1602    12
1760    15      13
1194    8       13
115     1352    13
1028    40      13
141     1894    13
44      1603    13
157     1079    13
185     593     13
519     58      13
887     209     13
474     62      13
742     235     13
1080    80      13
1754    235     13
261     1543    13
84      467     13
1390    311     13
1231    88      13
714     92      13
439     343     13
411     120     13
136     1410    13
1194    363     13
142     524     13
1403    367     13
1649    210     13
626     254     13
417     521     13
1458    296     13
560     425     13
1295    324     13
433     1045    13
1678    344     13
1830    390     13
441     1905    13
1870    418     13
1022    457     13
440     949     13
1217    459     13
454     806     13
906     458     13
515     963     13
1618    478     13
594     508     13
745     525     13
684     508     13
1989    589     13
568     1374    13
1078    611     13
1984    649     13
681     1481    13
1642    680     13
1135    698     13
1947    841     13
700     885     13
843     1797    13
861     1829    13
1106    736     13
1395    883     13
866     883     13
1032    812     13
897     1371    13
1224    830     13
899     978     13
1029    946     13
926     1842    13
1071    944     13
1091    1399    13
1010    1619    13
1091    1785    13
1442    1020    13
1181    1291    13
1898    1066    13
1398    1253    13
1102    1728    13
1351    1182    13
1369    1896    13
1743    1110    13
1130    1777    13
1385    1654    13
1393    1445    13
1210    1698    13
1403    1280    13
1212    1502    13
1942    1463    13
1590    1469    13
1477    1675    13
1535    1785    13
1555    1557    13
1418    1887    13
1601    1631    13
1756    1902    13
3       919     14
1650    12      14
665     35      14
36      1167    14
1651    93      14
38      1841    14
101     1934    14
66      1604    14
917     125     14
72      949     14
137     1423    14
1493    148     14
139     269     14
1943    158     14
759     159     14
595     172     14
1184    161     14
176     616     14
193     1955    14
180     371     14
193     923     14
193     204     14
229     301     14
266     1172    14
1240    237     14
640     278     14
1082    253     14
302     369     14
306     1400    14
1366    338     14
400     701     14
345     984     14
444     999     14
1136    486     14
1851    494     14
517     1371    14
1301    542     14
573     777     14
550     1580    14
550     1944    14
1651    552     14
825     639     14
556     1271    14
955     639     14
1627    590     14
632     1976    14
703     949     14
707     929     14
658     1762    14
713     1396    14
1869    664     14
668     1182    14
686     1620    14
781     1216    14
1094    708     14
1013    801     14
1711    710     14
1366    768     14
827     1114    14
818     1703    14
1219    849     14
1863    836     14
1060    867     14
1644    938     14
1022    1811    14
1040    1526    14
1069    997     14
1089    1193    14
1188    1663    14
1101    1171    14
1730    1111    14
1220    1278    14
1145    1486    14
1357    1157    14
1322    1709    14
1195    1454    14
1343    1253    14
1402    1443    14
1418    1838    14
1925    1470    14
1476    1934    14
1415    1625    14
1467    1773    14
1590    1964    14
1491    1904    14
1959    1620    14
1909    1499    14
1587    1924    14
1854    1633    14
1847    1727    14
1940    1987    14
1761    1946    14
1801    1805    14
1901    1978    14
22      129     15
5       178     15
1722    46      15
25      1783    15
54      1312    15
1370    55      15
1442    106     15
1576    73      15
75      1256    15
365     182     15
115     1873    15
386     216     15
1091    119     15
220     585     15
230     1271    15
151     425     15
244     1173    15
577     217     15
262     974     15
245     1586    15
272     942     15
273     462     15
930     274     15
1624    301     15
1861    274     15
345     696     15
654     316     15
359     1364    15
1593    316     15
536     356     15
393     593     15
386     1612    15
443     1853    15
476     420     15
717     447     15
438     1875    15
1185    537     15
440     1828    15
561     1193    15
1155    442     15
454     712     15
838     583     15
1231    583     15
774     468     15
1542    524     15
1847    611     15
792     651     15
703     770     15
896     578     15
610     670     15
876     743     15
933     801     15
809     1299    15
843     1386    15
866     847     15
1217    766     15
1448    911     15
786     1412    15
953     798     15
1011    1020    15
1422    796     15
1869    1123    15
816     1842    15
1161    1686    15
1800    1163    15
876     1888    15
1687    878     15
1150    894     15
1298    918     15
1882    1227    15
1286    980     15
1938    1008    15
1080    1331    15
1292    1411    15
1236    1553    15
1613    1647    15
1498    1633    15
1655    1958    15
1356    1658    15
1807    1699    15
1994    1699    15
1761    1588    15
1644    1779    15
1807    1952    15
1660    1845    15
1940    1879    15
1957    1670    15
1830    1872    15
970     33      16
86      1382    16
61      858     16
100     1931    16
510     83      16
112     688     16
1994    111     16
146     777     16
143     1581    16
1286    242     16
250     860     16
312     165     16
1787    181     16
1281    346     16
199     339     16
996     255     16
1776    462     16
273     622     16
1920    478     16
1725    494     16
1234    317     16
512     437     16
804     343     16
518     1952    16
1465    369     16
588     509     16
742     419     16
1915    592     16
441     1779    16
961     445     16
1599    698     16
463     1265    16
728     1265    16
479     1020    16
1737    565     16
820     999     16
881     685     16
711     749     16
711     1985    16
862     1267    16
876     1692    16
797     885     16
900     1332    16
1150    833     16
855     911     16
1040    1170    16
1761    1120    16
991     1633    16
1190    1814    16
1055    1414    16
1083    1321    16
1851    1097    16
1260    1625    16
1119    1438    16
1772    1312    16
1223    1373    16
1468    1641    16
1754    1387    16
1395    1371    16
483     74      17
9       415     17
714     21      17
753     124     17
25      1463    17
142     1610    17
25      894     17
142     912     17
519     37      17
154     41      17
220     1327    17
1637    93      17
280     161     17
1281    99      17
286     235     17
117     1497    17
1014    288     17
294     1873    17
1406    169     17
294     1778    17
199     1689    17
314     1335    17
203     457     17
330     402     17
334     1616    17
279     1616    17
1180    338     17
581     333     17
1784    387     17
446     403     17
504     442     17
1403    467     17
444     839     17
454     860     17
1240    490     17
560     523     17
1333    492     17
563     828     17
500     620     17
635     1252    17
673     598     17
530     1197    17
1176    697     17
1876    538     17
1222    731     17
586     1463    17
789     1931    17
837     805     17
640     1099    17
1068    857     17
934     692     17
1340    857     17
1745    694     17
903     1018    17
700     1770    17
1642    979     17
1143    1596    17
1251    1913    17
872     1904    17
1390    1307    17
1385    1317    17
1363    1824    17
1028    1770    17
1084    1924    17
1705    1433    17
1680    1100    17
1549    1449    17
1102    1428    17
1975    1523    17
1599    1868    17
1737    1242    17
1655    1873    17
1754    1320    17
1806    1673    17
1984    1368    17
1722    1510    17
1925    1834    17
1990    1778    17
1759    37      18
901     6       18
780     41      18
102     458     18
1135    53      18
789     57      18
1748    172     18
184     467     18
121     77      18
1143    224     18
264     702     18
264     1335    18
1055    129     18
272     1665    18
137     340     18
1430    276     18
1209    233     18
306     1632    18
265     447     18
327     1751    18
581     374     18
406     1461    18
529     1196    18
569     1335    18
550     1731    18
556     882     18
634     1043    18
1340    663     18
1346    705     18
686     1539    18
1060    739     18
690     1545    18
755     832     18
1202    694     18
759     1924    18
1384    696     18
821     945     18
714     847     18
1053    790     18
887     1603    18
1479    828     18
940     956     18
947     1995    18
1437    974     18
990     1868    18
994     1597    18
1367    1065    18
1456    1099    18
1094    1928    18
1121    1918    18
1146    1532    18
1223    1750    18
1966    1259    18
1649    1317    18
1907    1317    18
1448    1414    18
1509    1345    18
1970    1387    18
1451    1557    18
1644    1692    18
1704    1969    18
1846    1545    18
61      26      19
1574    165     19
44      1079    19
781     167     19
84      552     19
495     173     19
262     114     19
1432    219     19
282     1483    19
1890    275     19
303     839     19
864     324     19
368     1265    19
1341    361     19
1758    430     19
441     1148    19
1542    502     19
886     520     19
1549    497     19
1542    497     19
539     644     19
1363    624     19
561     1766    19
587     1766    19
684     948     19
1942    692     19
601     836     19
1857    718     19
991     617     19
720     1579    19
621     1780    19
906     770     19
625     870     19
825     798     19
647     1699    19
1223    806     19
1552    725     19
886     834     19
854     1506    19
821     950     19
1855    879     19
941     1785    19
898     1253    19
959     1645    19
898     1773    19
959     1595    19
1168    1031    19
1039    1129    19
1870    982     19
1049    1896    19
1128    1058    19
1909    1065    19
1106    1697    19
1249    1125    19
1116    1483    19
1478    1137    19
1154    1267    19
1878    1166    19
1599    1265    19
1590    1208    19
1464    1443    19
1571    1472    19
1570    1413    19
1451    1551    19
1634    1528    19
1933    1473    19
1966    1566    19
1547    1646    19
1576    1740    19
1869    27      20
151     12      20
961     33      20
123     18      20
1083    77      20
91      508     20
1112    60      20
561     70      20
1662    165     20
711     118     20
211     1447    20
221     664     20
1810    202     20
225     1561    20
1177    238     20
1289    268     20
1142    241     20
1608    278     20
1854    278     20
335     1471    20
892     288     20
359     1336    20
1181    310     20
413     890     20
1800    382     20
392     921     20
1122    481     20
852     394     20
438     844     20
1563    489     20
444     958     20
1126    462     20
802     525     20
488     790     20
1745    535     20
1724    706     20
785     749     20
740     1723    20
782     1628    20
1028    839     20
786     1324    20
1009    832     20
1015    836     20
1023    1763    20
1033    1875    20
1033    984     20
1393    860     20
1535    1035    20
1514    1047    20
1725    976     20
1231    1282    20
1971    1064    20
1247    1454    20
1080    1796    20
1667    1285    20
1341    1887    20
1180    1969    20
1713    1268    20
1409    1763    20
1806    1282    20
1485    1411    20
1440    1429    20
1578    1441    20
1388    1699    20
1394    1764    20
1929    1396    20
1587    1709    20
1624    1626    20
1705    1977    20
1333    8       21
17      834     21
1314    26      21
193     31      21
781     34      21
1862    33      21
128     1444    21
49      1661    21
814     164     21
1606    125     21
703     194     21
143     850     21
1158    254     21
1870    255     21
1708    274     21
1484    283     21
1574    274     21
1245    311     21
332     1610    21
335     694     21
335     1703    21
370     462     21
383     1248    21
1135    396     21
1755    431     21
1448    453     21
687     564     21
580     1777    21
517     1401    21
905     604     21
1774    527     21
1122    604     21
601     732     21
1185    612     21
601     1928    21
628     803     21
1158    617     21
646     979     21
1288    623     21
650     1727    21
1366    649     21
759     722     21
744     1897    21
873     770     21
775     1896    21
1398    800     21
889     1643    21
874     1609    21
893     1596    21
1547    880     21
1667    932     21
1440    939     21
1349    1056    21
953     1027    21
1084    1438    21
1568    1025    21
1642    1182    21
1053    1461    21
1354    1085    21
1266    1609    21
1784    1125    21
1239    1282    21
1861    1308    21
1685    1193    21
1223    1982    21
1975    1358    21
1273    1835    21
1297    1751    21
1478    1750    21
1417    1812    21
1498    1956    21
1736    1527    21
1737    1978    21
1960    1976    21
1198    73      22
786     12      22
350     73      22
408     76      22
193     80      22
123     1368    22
135     1888    22
142     459     22
184     1199    22
151     1995    22
157     1727    22
240     1087    22
544     181     22
240     342     22
480     235     22
750     256     22
1147    243     22
887     255     22
314     685     22
1297    257     22
337     832     22
1458    362     22
376     1841    22
1662    513     22
1426    523     22
684     420     22
529     1596    22
446     1976    22
1767    565     22
1384    593     22
448     1267    22
1209    623     22
470     1592    22
1608    472     22
1552    701     22
763     1832    22
550     765     22
1601    508     22
769     1665    22
510     1140    22
530     1368    22
861     860     22
887     1551    22
1415    620     22
901     956     22
1571    943     22
690     1423    22
970     698     22
1671    736     22
1991    1187    22
910     1449    22
1437    1307    22
1393    1172    22
1876    1020    22
1138    1682    22
1465    1864    22
1724    1505    22
1178    1324    22
1509    1936    22
1214    1885    22
1264    1783    22
1792    1374    22
1711    1951    22
1458    1783    22
1734    1769    22
1870    1528    22
1847    1698    22
327     37      23
986     37      23
1941    6       23
1576    39      23
137     53      23
886     65      23
89      943     23
86      1647    23
128     1050    23
1048    144     23
174     1744    23
230     1389    23
970     147     23
1745    256     23
652     165     23
260     1293    23
215     520     23
225     1450    23
280     499     23
302     1399    23
267     1741    23
424     939     23
329     1211    23
331     1383    23
686     452     23
818     347     23
379     1443    23
695     492     23
1498    449     23
512     739     23
463     1824    23
660     465     23
536     511     23
483     1610    23
549     641     23
557     1976    23
577     1211    23
1005    736     23
810     879     23
709     1221    23
854     1262    23
952     741     23
1577    942     23
789     1131    23
1255    946     23
1793    805     23
966     1782    23
1489    831     23
966     1953    23
1719    849     23
907     1812    23
1040    935     23
1384    1072    23
1144    1628    23
1674    1137    23
1226    1473    23
1232    1303    23
1314    1242    23
1962    1280    23
1876    1269    23
1356    1365    23
1711    1396    23
1933    1371    23
1393    1765    23
1667    1487    23
1630    1976    23
1667    1712    23
1756    1923    23
4       26      24
17      564     24
1705    12      24
25      296     24
1933    18      24
306     97      24
103     1866    24
66      1939    24
107     1097    24
72      1808    24
747     127     24
214     1443    24
1219    278     24
1674    191     24
329     1936    24
334     1581    24
1552    421     24
562     374     24
569     1766    24
392     995     24
575     1924    24
480     404     24
695     629     24
1890    460     24
1569    689     24
480     914     24
530     1283    24
1929    805     24
704     813     24
823     1699    24
1302    592     24
814     833     24
1667    604     24
863     1242    24
893     1786    24
1733    971     24
1136    702     24
1203    1043    24
1203    736     24
1093    1481    24
1186    758     24
1141    982     24
1088    778     24
1155    1609    24
788     1387    24
808     1987    24
1032    1227    24
1229    1062    24
1893    932     24
1289    1373    24
1813    946     24
1323    1661    24
1541    972     24
1034    1020    24
1651    1445    24
1218    1566    24
1342    1865    24
1442    1436    24
1734    1528    24
1719    1871    24
1536    1688    24
1858    1974    24
17      542     25
1513    12      25
1858    37      25
22      1829    25
1704    41      25
1203    46      25
1409    53      25
1355    105     25
1584    133     25
1743    155     25
563     178     25
389     163     25
1501    188     25
214     842     25
1938    349     25
1998    288     25
373     431     25
377     324     25
1160    318     25
1893    419     25
809     384     25
400     1701    25
1149    426     25
454     1556    25
518     1063    25
517     578     25
1733    542     25
601     1812    25
1869    676     25
605     1770    25
1286    702     25
884     623     25
837     1841    25
1113    806     25
1459    832     25
1024    1803    25
1032    1200    25
1106    1271    25
1122    1327    25
1076    1841    25
1915    1371    25
1118    1550    25
1156    1383    25
1867    1399    25
1485    1368    25
1637    1487    25
1636    1362    25
1593    1974    25
1384    1616    25
1830    1446    25
1733    1647    25
1860    1496    25
1624    1769    25
1893    1785    25
1700    1786    25
1916    1805    25
1702    1866    25
1708    1981    25
1893    1935    25
1943    1973    25
23      268     26
1655    64      26
59      1958    26
98      1436    26
63      1152    26
990     114     26
199     274     26
964     233     26
146     498     26
436     235     26
152     708     26
1855    281     26
1288    168     26
323     293     26
1003    172     26
953     309     26
1251    186     26
1975    325     26
200     1572    26
874     349     26
876     254     26
365     1348    26
469     985     26
284     1425    26
603     338     26
1264    475     26
480     1497    26
1354    571     26
1115    492     26
1180    542     26
634     607     26
550     683     26
619     931     26
1292    554     26
657     1841    26
738     612     26
654     777     26
753     1765    26
1394    680     26
704     1303    26
1737    831     26
1059    710     26
1529    857     26
720     1762    26
784     1423    26
838     790     26
1005    1888    26
1895    824     26
826     1283    26
1664    878     26
1754    1179    26
1743    1100    26
1130    1750    26
1737    1469    26
1555    1592    26
1402    1877    26
1990    1771    26
1815    1460    26
1781    1976    26
1882    1819    26
23      1065    27
4       1427    27
1466    133     27
323     163     27
553     232     27
197     1172    27
304     457     27
201     1946    27
553     416     27
845     281     27
1863    442     27
1210    464     27
506     830     27
335     1167    27
514     1365    27
1437    339     27
1986    542     27
764     566     27
1788    425     27
594     1428    27
427     904     27
610     1041    27
441     1866    27
646     1969    27
477     1977    27
1734    702     27
505     1643    27
877     591     27
788     1483    27
615     894     27
788     1183    27
625     1334    27
681     1392    27
892     1912    27
902     1279    27
815     1502    27
1016    1020    27
1971    911     27
1884    1037    27
1130    1237    27
1617    1097    27
1662    1246    27
1736    1253    27
1311    1783    27
1398    1829    27
1970    1486    27
1520    1718    27
4       1823    28
1081    15      28
36      1718    28
1529    39      28
1346    60      28
621     111     28
265     186     28
225     1771    28
488     208     28
1273    216     28
329     836     28
335     980     28
357     1910    28
395     1074    28
1105    344     28
531     1389    28
541     963     28
422     1488    28
559     1027    28
444     607     28
1029    567     28
601     1750    28
682     1257    28
1286    718     28
774     643     28
764     1446    28
1223    705     28
707     1452    28
780     1919    28
723     1165    28
1367    798     28
1895    725     28
826     1410    28
747     1673    28
910     1233    28
1080    950     28
1466    749     28
757     1833    28
1531    1050    28
761     1523    28
775     1488    28
809     1074    28
779     1259    28
785     1778    28
1947    1206    28
1139    1242    28
1565    1282    28
953     1985    28
1705    963     28
1892    1380    28
1017    1917    28
1249    1452    28
1512    1714    28
1756    1237    28
1730    1905    28
1938    1839    28
1467    1955    28
1577    1987    28
4       1063    29
1333    30      29
