1801    1699    1
1458    259     1
1895    388     1
854     980     1
699     968     1
1900    589     1
1700    105     1
1426    1996    1
1721    1490    1
214     1654    1
794     689     1
1144    1120    1
1789    968     1
1076    1107    1
1943    1888    1
579     316     1
392     288     1
954     945     1
1287    593     1
628     447     1
1435    445     1
1691    1723    1
1119    336     1
1890    1917    1
769     322     1
809     1856    1
859     1495    1
636     371     1
560     1496    1
493     1196    1
305     1684    1
889     1647    1
1466    1770    1
1135    457     1
1737    1803    1
1355    1663    1
110     916     1
1225    1165    1
1972    607     1
501     1837    1
440     1391    1
1431    1259    1
902     1414    1
750     134     1
187     1924    1
1900    1553    1
1876    1763    1
272     390     1
154     338     1
588     1703    1
922     67      1
84      353     1
443     1945    1
753     894     1
541     256     1
298     1930    1
1854    1778    1
1150    489     1
332     1581    1
634     1976    1
112     387     1
1704    1937    1
647     310     1
1051    1965    1
716     593     1
1213    489     1
1342    1211    1
364     276     1
1569    1614    1
1338    270     1
818     92      1
1057    34      1
368     1996    1
1160    1769    1
1236    1522    1
61      1499    1
961     1566    1
323     974     1
1351    65      1
1520    1110    1
518     1835    2
145     946     2
448     358     2
1638    179     2
959     1567    2
1906    979     2
1156    1074    2
1243    1683    2
1681    1056    2
1210    1204    2
1169    1707    2
515     1598    2
1294    731     2
991     813     2
1693    341     2
1417    1677    2
1135    1511    2
298     209     2
1276    162     2
1191    1256    2
1758    1672    2
1341    1853    2
193     696     2
553     482     2
185     1682    2
1229    227     2
642     868     2
171     1918    2
4       1449    2
551     1875    2
1933    224     2
1840    1205    2
811     343     2
96      535     2
541     1728    2
1711    737     2
1353    992     2
203     1783    2
96      638     2
1151    732     2
1906    447     2
221     593     2
1154    129     2
1340    1404    2
901     925     2
1275    1828    2
334     567     2
1694    1579    2
1717    1457    2
1922    1163    2
1732    1519    2
666     1964    2
376     1995    2
1466    725     2
902     511     2
779     980     2
1700    390     2
1570    971     2
1417    1389    2
913     1769    2
1940    1918    2
884     256     2
1635    243     2
1464    1027    2
711     43      3
408     655     3
1077    356     3
635     770     3
1547    1172    3
406     1965    3
1459    289     3
1346    777     3
1077    701     3
1143    1267    3
760     858     3
1146    1654    3
1730    1087    3
1353    55      3
1342    1299    3
1132    30      3
797     702     3
574     498     3
1105    1152    3
1552    946     3
195     109     3
1409    158     3
1525    602     3
156     458     3
530     348     3
559     1534    3
1748    1653    3
1251    82      3
166     76      3
375     564     3
1813    1902    3
594     1324    3
1430    205     3
580     447     3
1465    546     3
1417    1347    3
1761    79      3
1415    498     3
436     358     3
555     1766    3
220     148     3
1722    316     3
1234    629     3
1485    674     3
1815    1596    3
140     1844    3
1730    839     3
1270    1879    3
1947    1690    3
1426    540     3
1851    1731    3
575     1913    3
1160    960     3
1942    806     3
1342    1723    3
1547    1931    3
1122    980     3
954     105     3
1213    1770    3
1341    846     3
1437    1987    3
646     1307    3
727     894     3
229     1453    3
328     1230    3
1863    1668    3
781     99      3
23      639     3
1448    1221    3
1979    228     3
983     108     3
1725    425     3
934     963     3
1052    1669    3
891     1486    3
662     1715    3
1998    160     3
1938    1532    3
1328    161     3
1667    817     3
977     442     3
1549    1494    3
550     403     3
1562    521     3
1590    181     3
1222    1469    3
531     710     3
686     948     4
1529    1449    4
1076    857     4
648     1215    4
886     1765    4
562     1953    4
1189    37      4
1915    1216    4
539     1307    4
1524    1423    4
454     1031    4
61      916     4
767     639     4
1622    1980    4
100     149     4
38      465     4
996     1503    4
1997    1163    4
1818    1360    4
413     1360    4
937     1047    4
422     249     4
970     1374    4
1635    721     4
859     1086    4
1147    1612    4
1130    1603    4
917     799     4
889     241     4
563     1282    4
112     1505    4
1106    542     4
1384    1646    4
1822    976     4
750     1753    4
634     24      4
1154    951     4
440     1958    4
139     1248    4
408     189     4
769     1804    4
1243    486     4
49      1782    4
196     1785    4
1049    1462    4
907     1228    4
1385    1910    4
625     1904    4
1244    923     4
1145    564     4
1629    210     4
1222    1739    4
808     274     4
123     326     4
151     1396    4
1957    1602    4
1098    722     4
302     1945    4
1681    30      4
56      1205    4
1854    8       4
1286    1179    4
1898    1204    4
556     1981    4
110     633     4
541     277     4
1289    801     4
763     1993    4
986     1718    4
1627    1450    4
1161    57      4
177     212     4
755     1196    4
1693    12      4
937     979     4
642     659     4
439     407     4
113     1299    4
1722    1770    4
94      796     4
1640    372     4
364     88      4
1147    993     4
433     1665    4
634     1853    4
905     1803    4
128     1262    4
214     1162    4
115     1699    4
1476    1058    4
1705    762     4
962     179     5
1349    15      5
684     520     5
1756    1110    5
785     1673    5
600     1837    5
1893    50      5
1351    1058    5
902     988     5
1921    270     5
986     1129    5
1077    726     5
1295    367     5
884     30      5
1700    1166    5
54      918     5
730     458     5
130     1248    5
96      486     5
717     1527    5
1558    1506    5
920     1320    5
826     32      5
1943    1452    5
483     1438    5
54      1596    5
115     943     5
1195    1460    5
1305    1670    5
1113    839     5
287     497     5
1693    932     5
107     77      5
446     1554    5
922     227     5
1467    1580    5
1442    473     5
628     915     5
10      618     5
654     228     5
128     321     5
1177    202     5
1990    765     5
136     455     5
1147    1762    5
493     1427    5
1232    1532    5
1850    1974    5
1706    104     5
628     95      5
1637    1967    5
1029    1665    5
1044    1654    5
63      1165    5
1642    1575    5
815     1517    5
1830    951     5
653     1424    5
1337    1641    5
666     1457    5
1289    1585    5
1618    931     5
365     1326    5
545     1567    5
1255    481     5
661     1829    5
1713    1086    5
1160    1362    5
606     806     5
594     1208    5
226     462     5
414     1483    6
1456    1729    6
469     1037    6
495     1211    6
1301    64      6
221     1347    6
1394    33      6
892     394     6
569     1497    6
86      455     6
1014    1107    6
1891    1868    6
1416    503     6
1116    710     6
1406    486     6
1922    435     6
595     421     6
1052    576     6
1339    39      6
695     1602    6
69      308     6
872     50      6
1498    419     6
1929    655     6
1244    475     6
1141    1350    6
1542    1814    6
767     1809    6
727     369     6
71      338     6
775     1265    6
1160    1799    6
1363    396     6
354     1441    6
1726    1766    6
1083    1519    6
1963    1453    6
1084    1256    6
601     192     6
1142    348     6
1831    216     6
1156    655     6
699     1206    6
755     1903    6
924     1096    6
1366    1663    6
1622    1944    6
1998    1527    6
686     1042    6
1094    676     6
1791    321     6
1787    1604    6
246     1740    6
1203    698     6
9       30      6
1138    26      6
1922    1495    6
1862    1423    6
1781    1808    6
1231    622     6
1768    1908    6
1893    1047    6
128     1315    6
357     860     6
152     1677    6
1618    289     6
1922    1782    6
843     1019    6
1746    867     6
1921    1380    6
533     1645    6
350     868     7
1039    170     7
1223    347     7
480     491     7
822     85      7
716     993     7
1103    1661    7
201     1261    7
1749    641     7
673     1553    7
463     309     7
947     540     7
1002    710     7
226     596     7
218     1993    7
1081    929     7
897     841     7
332     311     7
1582    945     7
214     1591    7
1858    419     7
1915    1496    7
516     1235    7
42      1873    7
922     1481    7
1191    1269    7
5       612     7
1975    458     7
1652    1923    7
1319    1401    7
1149    1171    7
745     1265    7
848     1163    7
536     1090    7
1093    1699    7
1417    612     7
714     507     7
627     283     7
1810    1207    7
1881    725     7
213     824     7
1821    1646    7
1069    1610    7
781     460     7
1456    1532    7
203     149     7
5       1672    7
1826    53      7
185     1782    7
959     236     7
1012    1114    7
1599    7       7
1671    188     7
775     596     7
332     1438    7
1878    749     7
110     1047    7
1961    1703    7
1118    1964    7
1629    1829    7
1584    1953    7
320     932     7
500     1307    7
1787    1752    7
548     976     7
1806    1252    7
373     1958    7
1874    1939    7
906     1841    7
1972    1396    7
1106    623     7
1198    800     7
952     129     7
1143    263     7
1622    908     7
1044    242     8
157     1897    8
1801    1757    8
581     405     8
48      1899    8
574     1995    8
200     1253    8
1156    1843    8
872     908     8
365     1488    8
166     37      8
682     1796    8
250     796     8
302     1718    8
1587    1741    8
1489    52      8
621     956     8
1419    739     8
1076    1955    8
1726    227     8
1139    1285    8
225     507     8
1325    1778    8
184     921     8
96      1429    8
1432    914     8
863     1360    8
1501    1683    8
1671    1173    8
329     155     8
983     1845    8
427     669     8
519     1285    8
1745    1779    8
110     752     8
1680    1248    8
1084    138     8
1112    1389    8
1859    597     8
505     165     8
1587    1061    8
1071    1285    8
797     1073    8
379     726     8
285     1291    8
955     1839    8
1236    1399    8
1920    1740    8
375     993     8
1029    618     8
1092    1321    8
1795    749     8
1180    1844    8
1297    710     8
211     189     8
679     975     8
1330    796     8
1793    732     8
264     1041    8
825     120     8
1676    1025    8
139     1683    8
1142    269     8
1749    207     8
1222    733     8
1210    638     8
1876    1050    8
413     1605    8
1525    915     8
1742    1621    8
412     274     8
1914    1452    8
544     1108    8
580     1515    8
1732    224     9
631     871     9
1825    663     9
1264    834     9
103     1610    9
1106    1811    9
383     425     9
1115    880     9
820     552     9
1290    1987    9
884     301     9
284     1428    9
1023    1614    9
1156    1769    9
1093    1689    9
746     1335    9
223     762     9
1300    43      9
1986    614     9
1301    1470    9
9       1269    9
1713    1654    9
1655    1663    9
656     698     9
791     1486    9
1717    1852    9
1385    288     9
648     204     9
884     372     9
906     1647    9
240     1969    9
350     1824    9
298     1918    9
779     1215    9
782     638     9
211     1316    9
1272    1320    9
1640    456     9
662     1794    9
4       762     9
1190    542     9
1102    471     9
107     127     9
1776    1097    9
977     1242    9
1706    1836    9
373     1783    9
1409    468     9
893     849     9
184     1042    9
1997    911     9
759     97      9
795     1777    9
957     592     9
1521    1773    9
1093    583     9
788     68      9
174     849     9
872     1902    9
814     212     9
936     1659    9
627     856     9
536     629     9
1667    1433    9
1275    520     9
1355    963     9
1583    721     9
1743    1528    9
1748    50      9
1992    1750    9
1655    316     9
385     149     9
1724    1107    9
1464    1553    9
1306    1497    9
903     343     9
1793    1790    9
1150    1696    9
1297    1561    9
1340    1483    9
555     664     9
483     317     9
44      1609    9
526     726     9
1911    1538    9
1361    1172    10
1533    708     10
1156    542     10
720     231     10
1234    1967    10
1240    202     10
282     1924    10
1000    217     10
1032    1307    10
864     1526    10
1361    344     10
279     1769    10
1052    918     10
1509    511     10
1478    1259    10
1831    498     10
1830    831     10
1509    1269    10
331     339     10
1825    911     10
662     95      10
305     1899    10
1649    165     10
1209    347     10
547     308     10
1343    1410    10
769     95      10
200     1647    10
409     1899    10
759     1794    10
959     1625    10
1761    678     10
1468    1833    10
1830    1428    10
934     301     10
887     1004    10
1599    348     10
811     846     10
1671    1196    10
441     1474    10
323     148     10
1378    325     10
619     1610    10
517     1434    10
642     1400    10
19      1221    10
91      1110    10
822     1566    10
1378    1140    10
397     1786    10
1212    401     10
838     1805    10
1202    1197    10
1225    43      10
662     842     10
1080    336     10
1355    1257    10
784     40      10
681     890     10
1860    309     10
1185    120     10
548     867     10
1827    1054    10
1128    975     10
399     1061    10
609     689     10
933     1589    10
1938    456     11
934     1842    11
25      378     11
201     122     11
711     452     11
1611    1797    11
1464    976     11
1713    919     11
1997    1519    11
45      851     11
1176    1050    11
1222    1508    11
987     1814    11
952     108     11
1249    1375    11
1810    1809    11
1624    617     11
1498    1107    11
1419    532     11
81      1373    11
1275    269     11
1398    976     11
1017    975     11
439     678     11
501     1463    11
1815    540     11
1126    1438    11
840     1413    11
139     1953    11
365     1620    11
180     362     11
704     554     11
1243    999     11
304     776     11
266     232     11
808     737     11
791     1586    11
292     950     11
1217    743     11
553     18      11
1338    486     11
1118    76      11
575     88      11
1984    1575    11
1009    1932    11
1671    47      11
332     1835    11
563     313     11
1342    1200    11
1725    770     11
994     943     11
1357    64      11
392     1786    11
1104    1282    11
81      1750    11
174     869     11
763     1174    11
642     1561    11
1652    232     11
380     1031    11
413     1284    11
899     1171    11
355     1707    11
769     1896    11
1224    762     11
1890    1669    11
772     1316    11
102     1522    12
547     1309    12
1439    1995    12
61      1046    12
1601    582     12
1349    834     12
1549    1031    12
606     481     12
1732    1199    12
1458    914     12
1747    1375    12
1915    1886    12
1776    1483    12
234     710     12
1467    674     12
1735    1120    12
197     1917    12
962     1087    12
1156    1995    12
1052    452     12
1222    1816    12
1322    1522    12
512     1248    12
716     1718    12
986     1196    12
863     149     12
1437    300     12
1916    836     12
1876    1602    12
1024    1786    12
1768    537     12
814     1263    12
1501    1331    12
84      485     12
874     358     12
1874    835     12
930     231     12
312     1931    12
1032    293     12
789     1557    12
861     207     12
952     68      12
1725    1490    12
385     503     12
1582    1723    12
1406    1079    12
329     1454    12
615     904     12
1067    186     12
187     1050    12
230     163     12
996     929     12
1017    1567    12
141     268     12
1906    1765    12
1746    593     12
352     659     12
1169    777     12
727     1594    12
1882    1316    12
684     914     12
1787    405     12
1920    68      12
543     1320    12
432     929     12
572     974     12
1792    30      12
650     216     12
1883    1896    12
285     144     12
1710    620     12
1640    718     12
1356    1263    12
1664    183     12
1091    1785    13
1432    1404    13
1231    88      13
1590    1469    13
1032    812     13
745     525     13
1390    311     13
1649    210     13
887     209     13
1898    1066    13
439     343     13
1071    944     13
1442    1020    13
474     62      13
1212    1502    13
897     1371    13
551     313     13
1217    459     13
1395    883     13
1385    1654    13
1678    344     13
433     1045    13
1181    1291    13
355     1581    13
861     1829    13
1947    841     13
1942    1463    13
1743    1110    13
1418    1887    13
515     963     13
1028    40      13
1756    1902    13
1130    1777    13
626     254     13
519     58      13
1029    946     13
1984    649     13
1106    736     13
926     1842    13
1369    1896    13
700     885     13
1601    1631    13
115     1352    13
899     978     13
1989    589     13
1870    418     13
1022    457     13
1194    363     13
1080    80      13
1535    1785    13
84      467     13
411     120     13
1010    1619    13
1458    296     13
1135    698     13
1295    324     13
681     1481    13
1618    478     13
1224    830     13
1393    1445    13
560     425     13
1102    1728    13
141     1894    13
440     949     13
142     524     13
1555    1557    13
1642    680     13
44      1603    13
1760    15      13
594     508     13
755     846     13
157     1079    13
1351    1182    13
1477    1675    13
1830    390     13
1754    235     13
568     1374    13
906     458     13
684     508     13
1091    1399    13
185     593     13
441     1905    13
54      82      13
1398    1253    13
742     235     13
866     883     13
261     1543    13
843     1797    13
782     1316    13
454     806     13
714     92      13
417     521     13
1210    1698    13
1403    367     13
136     1410    13
1194    8       13
1078    611     13
1403    1280    13
1664    232     14
1627    590     14
1959    1620    14
1069    997     14
3       919     14
1402    1443    14
1651    93      14
1651    552     14
827     1114    14
1650    12      14
1406    311     14
658     1762    14
703     949     14
1901    1978    14
1188    1663    14
66      1604    14
306     1400    14
1040    1526    14
1943    158     14
1022    1811    14
1145    1486    14
1343    1253    14
713     1396    14
1418    1838    14
825     639     14
1322    1709    14
573     777     14
1851    494     14
1357    1157    14
176     616     14
550     1944    14
1060    867     14
1082    253     14
1219    849     14
266     1172    14
180     371     14
1301    542     14
1366    768     14
1493    148     14
139     269     14
1761    1946    14
640     278     14
1940    1987    14
595     172     14
1366    338     14
1711    710     14
193     204     14
302     369     14
345     984     14
1195    1454    14
1240    237     14
1909    1499    14
1730    1111    14
229     301     14
101     1934    14
36      1167    14
1094    708     14
1220    1278    14
917     125     14
1467    1773    14
781     1216    14
1101    1171    14
1863    836     14
1089    1193    14
632     1976    14
665     35      14
1925    1470    14
686     1620    14
1590    1964    14
1476    1934    14
1184    161     14
72      949     14
517     1371    14
759     159     14
1013    801     14
1644    938     14
818     1703    14
1415    1625    14
707     929     14
137     1423    14
1587    1924    14
1509    633     14
1801    1805    14
550     1580    14
1136    486     14
1869    664     14
193     923     14
1854    1633    14
955     639     14
556     1271    14
668     1182    14
444     999     14
1847    1727    14
38      1841    14
193     1955    14
400     701     14
1491    1904    14
1847    611     15
774     468     15
896     578     15
365     182     15
230     1271    15
1155    442     15
1442    106     15
717     447     15
1542    524     15
544     951     15
1644    1779    15
930     274     15
1161    1686    15
1938    1008    15
272     942     15
843     1386    15
1613    1647    15
54      1312    15
438     1875    15
1593    316     15
1861    274     15
876     1888    15
1830    1872    15
1422    796     15
1957    1670    15
359     1364    15
393     593     15
1869    1123    15
245     1586    15
703     770     15
214     1309    15
1177    1517    15
536     356     15
5       178     15
244     1173    15
1660    1845    15
1800    1163    15
1011    1020    15
1655    1958    15
1994    1699    15
75      1256    15
1298    918     15
1370    55      15
1217    766     15
1236    1553    15
151     425     15
1231    583     15
273     462     15
1761    1588    15
866     847     15
1185    537     15
1091    119     15
1448    911     15
1576    73      15
1882    1227    15
953     798     15
386     216     15
1722    46      15
876     743     15
1687    878     15
610     670     15
1498    1633    15
1807    1952    15
115     1873    15
220     585     15
1807    1699    15
1150    894     15
386     1612    15
22      129     15
262     974     15
816     1842    15
454     712     15
476     420     15
1940    1879    15
786     1412    15
577     217     15
1292    1411    15
792     651     15
809     1299    15
561     1193    15
933     801     15
654     316     15
1356    1658    15
1080    1331    15
1286    980     15
25      1783    15
1624    301     15
345     696     15
742     419     16
518     1952    16
1040    1170    16
1635    868     16
996     255     16
970     33      16
112     688     16
1286    242     16
961     445     16
1083    1321    16
1915    592     16
1468    1641    16
273     622     16
1234    317     16
876     1692    16
1737    565     16
312     165     16
86      1382    16
728     1265    16
1143    999     16
479     1020    16
804     343     16
1150    833     16
146     777     16
1223    1373    16
1465    369     16
588     509     16
441     1779    16
510     83      16
1725    494     16
512     437     16
1994    111     16
820     999     16
862     1267    16
1190    1814    16
1260    1625    16
143     1581    16
991     1633    16
1761    1120    16
711     1985    16
1281    346     16
199     339     16
855     911     16
1395    1371    16
1920    478     16
61      858     16
250     860     16
1181    585     16
881     685     16
1754    1387    16
797     885     16
1055    1414    16
463     1265    16
1787    181     16
711     749     16
100     1931    16
900     1332    16
1772    1312    16
1806    1673    17
142     1610    17
1990    1778    17
903     1018    17
444     839     17
280     161     17
1754    1320    17
635     1252    17
673     598     17
753     124     17
9       415     17
1599    1868    17
1680    1100    17
872     1904    17
1925    1834    17
142     912     17
837     805     17
1705    1433    17
1281    99      17
1143    1596    17
1084    1924    17
1181    511     17
934     692     17
294     1778    17
279     1616    17
658     1658    17
1022    766     17
1722    1510    17
530     1197    17
1180    338     17
563     828     17
1745    694     17
1132    1538    17
154     41      17
1876    538     17
700     1770    17
581     333     17
1102    1428    17
1222    731     17
560     523     17
220     1327    17
519     37      17
1737    1242    17
117     1497    17
1984    1368    17
1406    169     17
25      1463    17
1549    1449    17
1385    1317    17
483     74      17
1176    697     17
789     1931    17
640     1099    17
500     620     17
1363    1824    17
199     1689    17
446     403     17
1028    1770    17
1975    1523    17
314     1335    17
386     1875    17
1068    857     17
586     1463    17
1642    979     17
1390    1307    17
286     235     17
1403    467     17
1240    490     17
1784    387     17
432     916     17
454     860     17
330     402     17
1333    492     17
504     442     17
334     1616    17
714     21      17
1966    1259    18
272     1665    18
1456    1099    18
642     125     18
821     945     18
1713    659     18
1704    1969    18
887     1603    18
634     1043    18
755     832     18
893     1844    18
1748    172     18
1644    1692    18
990     1868    18
1451    1557    18
569     1335    18
1907    1317    18
1384    696     18
184     467     18
1053    790     18
690     1545    18
1060    739     18
1094    1928    18
137     340     18
1759    37      18
581     374     18
780     41      18
1479    828     18
327     1751    18
1846    1545    18
714     847     18
901     6       18
940     956     18
1509    1345    18
265     447     18
789     57      18
306     1632    18
1970    1387    18
1135    53      18
1209    233     18
406     1461    18
1121    1918    18
1184    1074    18
994     1597    18
529     1196    18
686     1539    18
121     77      18
1367    1065    18
1430    276     18
264     1335    18
1437    974     18
1346    705     18
556     882     18
264     702     18
1363    624     19
1542    497     19
684     948     19
303     839     19
763     322     19
561     1766    19
262     114     19
625     870     19
1576    1740    19
1249    1125    19
1106    1697    19
1168    1031    19
1933    1473    19
1574    165     19
400     333     19
647     1699    19
886     834     19
1542    502     19
898     1773    19
1341    361     19
1890    275     19
601     836     19
854     1506    19
621     1780    19
1966    1566    19
1049    1896    19
1432    219     19
1039    1129    19
1128    1058    19
1758    430     19
1570    1413    19
61      26      19
959     1645    19
720     1579    19
825     798     19
1451    1551    19
941     1785    19
1855    879     19
781     167     19
441     1148    19
959     1595    19
1634    1528    19
539     644     19
1857    718     19
864     324     19
495     173     19
1870    982     19
821     950     19
1223    806     19
587     1766    19
1464    1443    19
1571    1472    19
1478    1137    19
1909    1065    19
1705    1977    20
1440    1429    20
413     890     20
1563    489     20
740     1723    20
211     1447    20
1247    1454    20
1713    1268    20
852     394     20
1514    1047    20
1023    1763    20
1033    984     20
802     525     20
961     33      20
1485    1411    20
438     844     20
1156    1371    20
1971    1064    20
1341    1887    20
786     1324    20
711     118     20
1624    1626    20
1009    832     20
1393    860     20
1535    1035    20
1080    1796    20
1662    165     20
335     1471    20
151     12      20
1083    77      20
1180    1969    20
1388    1699    20
1810    202     20
1177    238     20
359     1336    20
444     958     20
561     70      20
782     1628    20
1112    60      20
1759    237     20
1289    268     20
548     1020    20
488     790     20
1800    382     20
1578    1441    20
1724    706     20
123     18      20
1394    1764    20
1608    278     20
1015    836     20
1869    27      20
892     288     20
650     1727    21
1266    1609    21
1870    255     21
1862    33      21
703     194     21
744     1897    21
1484    283     21
781     34      21
370     462     21
1861    1308    21
1333    8       21
1611    1980    21
128     1444    21
1314    26      21
1223    1982    21
1398    800     21
628     803     21
874     1609    21
1784    1125    21
1975    1358    21
143     850     21
1708    274     21
759     722     21
1737    1978    21
1417    1812    21
517     1401    21
1158    617     21
1297    1751    21
193     31      21
1448    453     21
1151    1873    21
1354    1085    21
1606    125     21
1158    254     21
1013    336     21
601     1928    21
1685    1193    21
873     770     21
1960    1976    21
905     604     21
1547    880     21
1774    527     21
1053    1461    21
1122    604     21
1498    1956    21
1340    321     21
1239    1282    21
1440    939     21
1478    1750    21
601     732     21
17      834     21
814     164     21
1736    1527    21
335     694     21
1568    1025    21
1288    623     21
889     1643    21
1273    1835    21
687     564     21
1755    431     21
1245    311     21
49      1661    21
684     420     22
690     1423    22
1178    1324    22
510     1140    22
1734    1769    22
480     235     22
1767    565     22
1991    1187    22
1297    257     22
135     1888    22
763     1832    22
314     685     22
337     832     22
1465    1864    22
1091    879     22
240     342     22
1458    362     22
901     956     22
1601    508     22
910     1449    22
1662    513     22
750     256     22
827     236     22
470     1592    22
335     1364    22
123     1368    22
1608    472     22
1509    1936    22
1711    1951    22
1571    943     22
1214    1885    22
1724    1505    22
1489    831     23
267     1741    23
1577    942     23
952     741     23
1356    1365    23
1618    1424    23
1005    736     23
1017    6       23
970     147     23
810     879     23
280     499     23
1941    6       23
1793    805     23
789     1131    23
907     1812    23
1232    1303    23
1719    849     23
577     1211    23
1674    1137    23
1226    1473    23
1048    144     23
652     165     23
89      943     23
488     243     23
549     641     23
174     1744    23
225     1450    23
1630    1976    23
709     1221    23
424     939     23
1962    1280    23
660     465     23
331     1383    23
966     1782    23
260     1293    23
1667    1712    23
1667    1487    23
1384    1072    23
215     520     23
230     1389    23
1040    935     23
1498    449     23
557     1976    23
1576    39      23
329     1211    23
1186    758     24
1141    982     24
1088    778     24
704     813     24
1218    1566    24
823     1699    24
1719    1871    24
1541    972     24
1569    689     24
1536    1688    24
1733    971     24
1827    1844    24
1442    1436    24
530     1283    24
1342    1865    24
1229    1062    24
103     1866    24
1302    592     24
480     404     24
1674    191     24
66      1939    24
392     995     24
747     127     24
1858    1974    24
1323    1661    24
1034    1020    24
72      1808    24
1160    318     25
1893    1935    25
373     431     25
1149    426     25
1220    172     25
377     324     25
518     1063    25
1733    542     25
809     384     25
605     1770    25
1867    1399    25
400     1701    25
1702    1866    25
389     163     25
1830    1446    25
1513    12      25
1118    1550    25
1938    349     25
454     1556    25
1943    1973    25
1584    133     25
517     578     25
1636    1362    25
826     1283    26
200     1572    26
784     527     26
1664    878     26
964     233     26
603     338     26
1101    525     26
1882    1819    26
550     683     26
409     813     26
469     985     26
1059    710     26
1251    186     26
1402    1877    26
1975    325     26
365     1348    26
1990    1771    26
1855    281     26
284     1425    26
98      1436    26
1003    172     26
59      1958    26
1895    824     26
63      1152    26
1555    1592    26
1354    571     26
657     1841    26
738     612     26
1288    168     26
1884    1037    27
304     457     27
1971    911     27
514     1365    27
625     1334    27
1788    425     27
201     1946    27
477     1977    27
1130    1237    27
615     894     27
681     1392    27
1662    1246    27
335     1167    27
1210    464     27
902     1279    27
815     1502    27
1016    1020    27
1311    1783    27
892     1912    27
610     1041    27
788     1183    27
506     830     27
1617    1097    27
877     591     27
1986    542     27
764     566     27
427     904     27
553     416     27
845     281     27
1512    1714    28
559     1027    28
1565    1282    28
1895    725     28
764     1446    28
723     1165    28
4       1823    28
488     208     28
774     643     28
780     1919    28
1947    1206    28
761     1523    28
910     1233    28
395     1074    28
422     1488    28
1892    1380    28
757     1833    28
1531    1050    28
1889    1912    29
573     1983    29
1241    644     29
1949    1259    29
1482    1928    29
671     1539    29
699     1124    29
902     1714    29
448     778     29
1587    402     29
174     927     29
222     326     29
769     1621    29
1155    597     29
295     1588    29
351     507     29
461     290     29
429     1782    29
506     1085    29
197     1001    29
1407    1506    29
143     1201    29
541     1968    30
792     566     30
1010    527     30
1082    338     30
488     715     30
900     111     30
479     307     30
909     1278    30
1258    520     30
1095    1173    30
1130    248     30
1101    11      30
1530    875     30
197     729     30
645     724     30
354     875     30
754     1284    30
767     1250    30
952     967     30
354     564     30
1966    871     30
954     381     31
1941    1397    31
548     677     31
1394    758     31
484     935     31
1006    1845    31
252     1046    31
793     939     31
393     1849    31
196     1543    31
981     591     31
1533    856     31
1451    1546    31
757     372     32
510     675     32
1431    190     32
1884    726     32
29      1494    32
198     1646    32
428     1042    32
366     1777    32
667     179     32
1743    1880    32
87      14      32
703     1127    32
247     1955    32
998     163     32
1260    1475    32
354     2       33
410     1625    33
1607    1904    33
1548    1211    33
1869    291     33
748     1317    33
1529    1639    33
545     35      33
1330    1836    33
896     423     33
1313    830     33
735     1540    33
1921    1885    33
444     1359    33
152     109     33
1941    466     33
613     725     34
131     1945    34
417     509     34
750     55      34
1999    374     34
1351    819     34
1884    1559    34
691     932     35
1226    51      35
662     434     35
78      1519    35
461     870     35
877     1445    35
90      388     35
1133    1974    35
1052    751     35
1600    1771    35
1848    829     35
704     1026    35
1606    1648    35
913     1175    35
1144    20      35
973     1007    35
1544    537     35
1536    1559    35
1726    1500    35
802     1381    35
1113    637     36
668     522     36
1802    832     36
1801    162     36
1011    616     36
488     271     36
630     1888    36
1676    486     36
1986    853     36
1623    163     36
327     1096    36
297     1786    36
936     607     36
872     1405    37
756     1380    37
965     608     37
1726    1007    37
150     524     37
1734    1293    37
474     590     37
1377    232     38
126     21      38
1942    608     38
888     644     38
558     459     38
44      251     38
110     1274    38
693     537     38
16      1025    39
136     1192    39
98      1134    39
1941    1310    39
1477    1982    39
1963    1117    39
528     1996    39
1708    319     40
895     1410    40
266     451     40
142     787     40
1635    1329    40
1398    360     40
1954    741     40
487     1321    40
357     153     40
1738    1598    40
495     829     41
461     865     41
1159    416     41
98      1820    41
505     807     41
1       1771    41
413     116     41
1296    608     41
783     1345    42
328     324     42
645     1532    42
1800    1254    42
1318    1823    42
601     771     43
1583    1540    43
1776    132     43
750     1038    43
1355    534     43
1489    1507    43
595     1030    43
1748    14      43
852     299     44
1791    1948    44
575     928     44
28      1326    44
287     1817    45
1840    697     45
1516    344     45
1679    532     45
1922    1075    45
1950    434     45
558     1615    45
1189    972     45
1525    450     46
417     1926    46
398     1731    46
1103    1504    47
1991    1707    47
175     828     47
983     258     47
1720    362     47
1190    1560    47
1798    208     47
1861    1109    48
734     956     48
966     584     48
391     1221    49
1349    496     49
1238    542     49
398     1420    50
1988    447     50
969     1279    50
71      1480    51
13      1396    51
1721    315     51
1070    208     51
131     851     51
1657    1944    52
1455    1828    53
1036    64      53
1189    1376    53
672     118     53
1927    41      53
1634    570     54
305     1518    54
1451    773     54
1164    1518    55
1916    1564    56
1656    1327    56
1695    701     57
516     1278    57
1191    1021    58
1304    521     59
1408    1197    59
1601    719     59
599     576     60
1989    1492    61
1178    1344    63
1379    915     64
1806    1372    66
989     449     67
1775    1539    67
1153    216     68
1716    340     70
206     1697    77
1102    1666    78
1869    1573    80
1236    239     84
1421    1645    97
1537    497     99
1277    1689    99
