53732
46793
28722
17833
15372
57167
80243
3305
53447
49849
95539
74832
55460
89077
62487
84207
15977
21275
71473
13043
9099
27459
299
41430
2687
70984
93793
23992
18090
31755
88702
65208
15034
68137
38582
38774
49976
14753
58720
84560
59013
95544
55616
14815
98334
40878
14182
56492
25213
48853
46404
96113
12603
19976
31926
62929
12671
65127
62165
80310
24785
47645
38932
20325
2837
90170
42651
14202
94752
41032
13119
88568
9217
16220
7106
36535
25306
13511
78318
45532
34953
45231
80897
93171
65167
21525
67961
90895
25013
86089
47128
50597
60041
81759
75587
46226
95140
63276
43934
82472
68900
70223
98718
95445
85130
28932
53744
51445
10343
41404
57673
87659
44005
72977
86929
71567
80075
70656
74174
1909
88606
52500
46334
6519
71345
48896
66770
68207
19956
91666
86591
89005
54396
13920
45036
98940
21554
44604
31574
51467
88153
43974
46754
80668
36517
21152
99915
15361
63051
61637
59
87
77338
72736
31919
41773
68252
68058
20526
83645
70894
82874
9455
8174
76403
62959
21386
21355
8106
38883
95219
94758
38986
26922
69219
28404
77689
78389
42247
28216
19397
1131
19183
98327
24406
81975
13646
39815
60103
17688
82838
15773
98797
25717
23360
10164
21941
63474
69603
79480
69626
75296
66954
63345
5644
59823
22701
31879
69986
11744
76260
52614
55393
58801
32967
70301
14305
16169
48534
86025
81329
55685
73902
31601
13533
52856
31075
58814
51810
43086
25885
37024
39303
44688
47591
38784
27930
7826
36975
25393
67181
67626
51395
72863
72079
94478
46071
94019
32157
46045
51716
66138
40184
60566
98654
15039
67012
34383
54173
52282
82927
1495
27422
64300
54615
91788
26662
97012
24674
84400
69405
45576
81713
2208
16075
70697
70785
43665
58244
75173
99157
69570
27952
75389
17118
425
49571
7991
16308
90333
78302
74670
43644
634
58480
51849
6685
54404
38974
21583
38578
62688
65907
70934
53868
28029
81596
37192
68612
31018
934
10380
52098
77591
22069
5528
7063
16028
72379
29703
5060
47782
45717
52000
44650
15031
28595
83371
69566
57779
68119
33118
5747
98692
54241
165
85622
2935
37756
48967
57619
73898
67935
53628
3558
12251
97339
18828
35133
61414
60763
12593
55288
95406
35693
83813
97429
25902
25153
42435
81307
89794
24459
76064
69488
45186
26363
66552
11657
20957
11368
54699
607
17598
59938
43192
8250
68744
37532
83623
12364
97338
2963
8035
49426
76946
93406
25016
35967
76914
49997
74928
67192
68169
75679
3636
23058
22167
56262
65264
61663
37148
22480
23370
65303
16593
74413
15976
4764
66201
12494
94919
48419
62106
91406
1794
59356
72189
49660
5369
44164
51919
77197
6535
44280
97721
46775
32906
44594
74330
20534
17138
37253
93976
96488
25496
7033
12385
52635
16008
51772
10518
84160
36857
42390
32724
71357
57679
87191
75827
83663
69981
38907
93527
60562
36209
53952
45509
40170
24044
8308
42159
47239
28977
10497
21639
80204
52745
66884
86367
24375
71159
26367
38283
8100
45978
23287
79538
49136
322
26612
66471
42520
18683
96351
13404
79588
94608
17116
60602
6380
34750
29247
50967
82586
83437
72647
32944
80211
63178
