19832
7059
41722
0
10531
97251
42523
59619
91598
31482
3235
80366
61246
22761
40397
26671
46971
20232
37977
64582
98615
58681
24100
42916
69129
21362
26971
95351
2167
35364
47958
13356
68737
22064
27710
13682
56750
68252
71786
71977
78460
25950
39907
99719
15525
19665
11835
15612
83397
6124
27677
61914
58533
35188
95376
35864
49279
14644
26957
52090
57792
86302
30422
95362
1201
86010
22467
90729
25626
95031
24049
90186
11575
36757
51468
1674
41272
32751
28094
58304
82629
93012
93594
87241
10959
91652
51580
85456
13341
13623
63708
14385
70524
62773
87031
86659
26118
61096
2436
52789
95888
36717
93325
54996
96233
29612
72969
57760
45602
18714
17146
77134
55708
54850
33439
2591
48028
76357
97210
48504
83181
78441
13733
2923
36598
85814
36264
73017
64739
33245
34607
23979
13535
81203
34636
10168
90859
19465
52267
23214
51535
20410
18320
6607
50147
98120
50246
52744
35340
36464
32685
27665
61295
45179
99483
49623
87056
93291
82364
44578
3881
27035
70747
15023
95873
86637
61149
93654
81647
91863
94922
3500
38212
17221
27289
28449
28837
54373
23134
197
13988
3166
10904
61483
19689
15108
15836
61075
54933
38227
59492
45290
69002
72998
30590
14226
89817
10731
63059
96847
60043
13195
62881
12804
92720
89270
2984
60695
68468
3883
60079
23287
80696
16727
29911
6831
16020
48480
81288
68328
49273
14134
52913
90742
43473
23053
47072
24876
81077
21916
28951
65298
20868
22570
31720
9135
36843
790
87513
86182
19835
69125
49536
25767
51944
94720
10765
28129
56688
19909
11370
90191
85019
61054
689
82785
22473
1962
85365
89035
64241
64207
385
86593
23574
9420
24870
86130
44932
51864
48575
75412
548
26050
16635
86988
55359
82581
97549
50651
69019
61933
68962
2631
27115
18156
42091
99398
23432
13765
42151
19201
10224
34108
43077
68030
46145
31075
63258
38965
75789
47431
42261
64330
56621
6976
43284
46557
60308
61592
47517
97226
23140
15164
51483
43108
97885
99096
42554
81705
66983
53558
19696
30344
78231
93840
19474
3029
14549
30219
73093
33276
48791
98818
76479
44489
2812
65961
65690
16726
10973
24846
77824
52756
44403
52784
15414
65181
59401
14338
83497
91260
60225
70742
19957
6357
48787
37995
70020
84411
40908
25204
90062
23605
17486
76619
92392
81413
55892
54886
48630
4120
53258
78247
59352
91555
15827
3735
71856
51072
40699
5854
1101
6848
5867
11001
97715
38367
24080
1912
36161
41870
82075
94049
31461
54392
33379
89660
64568
53047
36963
22587
15321
91352
4660
22161
60787
22631
56777
18322
41675
18359
63325
78028
69628
3869
24571
53936
83143
46283
64588
96479
72954
90854
33490
57049
96510
96377
59201
64077
2680
49686
55382
74907
29021
38726
49751
44223
30220
92792
733
31825
75334
98340
42865
9407
564
86815
45277
47353
43914
34502
67302
1990
55201
31300
40745
78253
49567
53945
29498
55537
86356
37404
33399
15219
86633
98802
11015
27406
1449
58001
87042
61983
9340
80403
90965
97890
75788
20800
84939
17219
99549
66453
34652
77251
23107
55571
54939
31405
8934
55575
19875
39895
92977
13313
49475
9950
36269
57530
75545
37317
68058
10992
44310
92492
55282
92409
72095
66651
69961
2503
78471
25876
85861
13231
79012
12022
46147
75040
50475
740
51174
60834
1697
28051
43395
18677
93690
92779
77895
43230
49434
7265
8036
62601
94506
3842
70785
43058
50911
40199
7903
26831
36719
24725
37217
87027
17401
48232
9598
7419
95507
26046
38909
19442
61101
98797
19728
57492
45412
16995
36706
135
76235
34457
9755
46480
69205
96298
22043
64667
17689
90429
81123
84838
24615
1026
56784
45811
26475
51257
44649
89942
5291
37146
91379
52739
63071
3373
97582
6481
35347
54157
84792
44941
96115
45618
85830
1855
86781
84712
661
10468
35343
812
62688
65747
74410
63959
25702
59867
48529
4195
14290
75361
49177
90306
29553
87282
96803
11100
57175
13814
71892
45041
77517
87257
73161
70630
41084
82176
81331
84286
52440
40131
58712
44172
73631
73955
27144
95944
74136
68667
42551
41352
84456
3636
11346
89024
68458
41206
28768
86623
24917
70209
66162
42144
1901
61318
48221
32494
12504
51548
40481
42540
48224
79073
33343
85503
5010
198
40029
55696
60934
82203
42843
36113
42685
79762
9933
48430
47603
47443
56901
1321
8141
32710
38046
24137
63612
94340
19376
43364
5965
61111
59197
86698
88572
79867
81529
5228
79547
8604
14294
40658
21557
7748
31064
77450
60877
23151
97055
55448
88600
56274
76076
63524
22106
22434
41677
49946
10375
74426
43965
92612
78161
11892
77481
82790
4706
95813
81607
17699
56158
12168
7577
26770
14616
57900
97835
64017
7942
91585
14445
76220
86934
50977
41394
95619
13600
77963
79886
95405
15069
55433
26281
91077
76931
41187
9332
45491
42571
73345
64813
79164
66484
62127
29557
55008
98514
68439
23685
74936
896
59741
37002
82493
18541
20906
66486
90088
61460
30582
71974
32670
77277
46530
12984
14079
20842
82015
85475
27702
78808
87125
68371
78873
74514
23424
77854
56923
77178
92036
98266
97849
91226
81473
69693
86428
41888
91072
3228
62991
49575
83065
26773
56582
50366
78012
157
52594
28844
62975
80945
6329
80817
41184
54263
66692
50161
35825
94871
50952
32336
62660
92470
94978
47794
43195
52932
4820
12755
71361
27246
13433
75975
78820
84679
45219
68415
21142
34031
45634
57126
80362
91912
16342
57287
99290
8737
38905
65019
34168
43823
20845
40846
81336
64031
43579
4999
28365
22660
36363
30366
51291
18738
33929
24733
83735
79651
53518
45621
38497
98558
8354
16637
11062
18209
26792
88815
55781
75060
89991
28375
90097
16340
23947
74619
81188
81075
83141
11825
43167
92927
74018
76537
21880
33716
58820
58090
86789
19478
68221
58557
44750
99368
17979
69334
56947
80139
43901
27290
46514
44360
42577
79370
33535
15582
91552
66445
13445
77834
14603
32707
95288
54279
38373
13476
92300
37954
73003
15842
55354
98592
86621
96577
19261
17046
86558
38629
22520
80849
91811
8500
54695
26057
28090
90321
79632
27378
29221
4630
21988
38592
93219
77226
22827
53392
33907
59886
68280
46300
47532
55825
21044
77343
60872
44720
91111
56712
26301
29404
76590
5901
79348
53504
16820
83877
79205
55210
79560
26834
87674
88343
30106
82846
45224
60119
88870
88275
86827
50676
90836
27791
77891
77064
76359
17630
96364
35267
25958
69841
76923
99526
83293
60236
54129
13408
50269
38678
39902
21672
33856
98956
98588
13997
44285
81918
56608
86086
94445
90824
27253
32529
99652
565
17546
92251
3771
86316
66973
72393
69824
2784
99114
44550
30334
9549
86200
9086
8466
88838
46668
29887
97808
9213
49768
32902
67306
72903
40176
17760
94402
62530
7377
96988
15378
52693
77870
19626
53497
93644
23781
82600
6646
9285
50097
57163
4447
51905
44824
44377
17779
8381
61283
59498
52303
37793
66810
37304
53771
6352
70589
51878
88323
89888
90504
50703
34368
11013
91590
5608
54683
28846
99445
20728
76012
98702
29956
60279
85195
23968
21216
76827
93935
8746
94981
91591
15502
44754
65095
24939
45071
84216
72505
50732
26794
23952
47295
67396
83218
99997
94948
41963
58641
47551
58821
67052
10708
63134
68487
30320
74916
70157
85969
31647
73783
27588
65709
35038
63279
2267
12527
48729
64846
32596
29633
36879
14985
57435
78415
81431
63276
40977
74342
25647
46337
65978
50766
6966
85958
47632
30999
84911
53957
35868
22856
40853
99275
59576
62422
87301
10972
6222
70503
14330
40548
80137
17810
32919
60613
88282
9714
57026
5602
52164
89054
74208
70922
51415
8525
83121
75581
45714
94788
50804
37885
12670
41757
90331
42816
95493
4672
26802
45102
12793
11099
49664
77001
17462
78510
80799
52124
24441
64161
20323
57402
34385
391
74999
61277
51581
90898
71567
86006
63145
47447
12844
72895
1666
1446
18089
10088
52642
22993
33874
8591
93869
5161
48780
18513
48376
35757
58670
34174
49642
16971
29286
98040
3293
46945
85849
22429
53505
32070
85258
76175
34991
76522
68810
54107
56242
39153
31952
99024
42919
24844
52031
56822
71504
25408
27707
63286
19162
47779
94263
17350
90780
82146
90565
70512
60623
58039
30108
14265
56290
39926
23282
95457
86064
30105
64787
34931
76399
99556
81151
60399
99931
78388
19264
67503
84371
75022
48191
24673
77892
95735
59752
14125
6250
51513
53098
94774
8702
93197
4440
21883
81244
22037
71409
39714
97881
36989
50744
26789
40590
85700
12865
17200
83044
73070
50939
98997
89815
70909
33023
99166
18845
27108
89063
26275
89608
89508
18184
10372
18257
36720
39894
83760
1259
73088
57692
96296
89297
71100
38340
60680
23169
93915
75830
27393
76834
10325
38732
57331
36351
29858
5772
12626
1008
41218
15399
11016
43422
80382
28731
68671
16855
87422
52505
19719
10051
31328
19452
18600
4703
47914
70343
13127
17349
76678
77360
40893
74705
20613
37376
65120
35819
24
10265
29239
11034
52702
38077
37612
21122
99440
28961
42830
24054
73701
51314
1148
7024
60867
54749
45851
93490
30249
90521
43679
18447
29951
80760
82345
20531
60687
42033
37224
7218
22136
32527
74866
33545
83106
18443
71686
81927
718
70301
8603
90893
90058
59403
60396
43918
1896
78657
46103
29081
49812
63987
93557
57304
79086
50433
6975
36559
29289
44214
89400
93909
67492
2405
34600
9
54972
92900
16545
77130
77347
32745
35151
68147
16062
47503
62989
27915
65820
99185
46500
96072
32556
51644
49831
81532
55156
85406
66078
35217
69420
5998
14764
44866
45081
53798
59605
57975
49584
31006
98738
39548
59675
30375
7553
41679
76475
70864
74226
84453
60439
62219
74326
57325
25885
39747
14452
95342
57837
41783
25727
79355
81898
20542
40307
26347
8291
48803
3171
99128
81740
54004
11125
74692
12813
51256
37088
24436
90553
81120
38225
38165
17970
20057
97254
93147
72341
97943
72267
48282
52174
55232
55524
65410
7260
15107
9210
88031
83908
99162
65472
52547
36324
78242
70325
9750
78608
20890
84701
24639
94078
16041
695
94753
54687
93947
17610
70240
81945
3302
10571
72693
14021
43543
3255
8755
47374
95402
62338
80125
8740
98218
97840
37981
32118
90803
79249
99551
4513
55531
88176
22159
15752
41045
28191
99602
45715
5305
63899
22558
30178
87479
15266
80191
25443
14901
40993
48595
12280
94721
21494
40130
40463
37511
28699
39441
73778
48807
80205
59806
27121
17926
72661
80484
49450
77233
11962
39265
9748
36760
14162
14113
94213
85066
62544
40882
92666
77971
54781
76432
53144
61903
71699
12494
82882
56455
16680
33365
59062
22022
22272
23611
15427
79961
64075
66758
64932
75833
79072
20847
72270
5552
19398
23857
65460
49499
6793
78202
5435
43268
79582
90665
50599
90759
28114
99796
10397
46715
12392
79941
22824
3502
59431
29319
48878
74823
14094
74624
65794
70333
54476
49078
23387
51209
49840
43558
55677
31268
8027
8778
37662
61281
15225
82498
5165
20607
32872
67342
89075
36544
75900
33684
7909
29028
70312
94585
36504
14887
8351
61535
92960
27817
8808
34524
29836
48029
7176
6170
97825
93266
69098
96908
69329
73741
22988
50358
42548
78354
57875
83037
25867
34591
50864
39343
20982
31885
72133
3493
10241
16539
73546
48412
45185
8924
87207
47440
2597
52687
91737
80501
39123
19614
53951
27272
57125
63645
53503
94498
72336
15021
61015
45756
92906
26736
37109
71360
5547
24916
60219
71329
80876
37216
68717
84748
9579
97617
98471
40488
65167
34903
5500
47071
95686
45126
14063
63960
43501
3102
46153
66328
33542
32341
38043
64445
85441
65865
57226
67815
38565
37709
54341
89222
5444
94472
37032
83247
87689
40677
32010
82963
5181
81558
5265
86677
39367
21603
78778
86725
44733
12461
39973
11628
31085
32364
28569
42227
84292
57067
3050
68462
8459
72444
43096
98911
48137
10644
90076
59123
44684
80898
13214
86058
28998
54409
20894
67075
86169
91215
409
82426
83980
8680
80865
48142
99909
18008
64504
87035
51070
8422
44018
84755
33705
23317
85717
274
5701
28410
73595
68752
80988
18662
55679
70795
13318
42338
58424
95661
24804
71923
75648
71247
12404
67884
97579
60832
75430
8311
78572
13644
7177
34372
67936
65922
23117
17091
44964
89607
76224
59098
21459
51389
70889
466
64178
3296
3437
78219
83889
73618
59097
20246
63032
52064
9696
56010
25502
11381
79409
87276
6487
30794
49559
20617
4353
65511
6165
27854
32284
81958
18860
76950
56719
39415
31902
64751
30393
10951
48728
47954
47742
82229
78166
96737
99721
46723
55598
5770
86770
155
21233
56928
52448
69866
8009
11354
33406
43342
25992
35727
43001
93469
72811
1888
41887
83795
99397
1160
96684
16085
38522
14497
41952
68213
22704
72364
75503
31395
35795
97705
65576
6485
96491
66820
247
57367
33601
20469
12483
96686
54091
86023
33942
46993
85919
88515
21018
42566
94744
4497
83792
51479
78659
76520
24387
58776
15993
86871
98391
8575
22381
56599
33560
33413
52061
70024
51500
35443
76270
22450
17470
23215
61886
92291
81922
17272
88097
93540
71456
19217
72767
61289
52534
7758
96063
70253
7838
31098
49229
74911
87904
50122
70833
52626
51255
10331
36200
2635
93914
66872
82396
86543
85252
86631
58542
93790
69191
51037
82883
69182
97126
47620
24175
1550
49910
49458
15915
74724
41135
35952
25484
93324
49467
64784
94454
36650
57707
50938
81695
99227
54223
95178
10630
65774
25575
22831
5709
64022
81465
44411
95284
89695
49084
31676
73816
56109
89559
60051
40860
20434
22380
39535
41721
87131
57179
77616
54786
64067
47526
52498
6549
73637
78371
38545
4346
54871
82765
86537
87101
58075
36635
16617
81990
61986
65372
72582
45025
20046
71513
82051
50446
26362
64376
87119
60768
92132
8058
34491
67660
30861
70159
16814
87841
92161
97863
29655
93343
61393
8559
49053
4576
22166
44476
82510
95610
55915
28298
92734
20814
14216
21953
61946
88988
77087
61782
32775
40543
86586
7545
9096
73728
14462
57531
94345
4236
7600
34475
4489
54352
61155
93346
9989
92457
80302
92574
40328
71544
6051
6065
46946
3834
48882
36777
93535
97476
31967
79188
63669
52259
97419
65744
22703
59561
19140
87771
21774
50333
14033
55608
77473
41688
23078
63019
24241
10452
62883
49488
23484
86975
42019
94015
52070
6703
66894
53472
79769
29315
86391
24506
58961
28509
39063
12604
31441
21631
49165
89252
15852
15476
95969
93711
48949
70557
12518
95884
71305
87337
30152
52563
7764
90195
54153
26412
91427
60455
28419
21727
63391
76284
64901
60842
42689
54998
22152
9073
88918
98729
77247
55332
38325
12847
21262
44659
69022
13499
71448
86102
72836
21483
64170
76373
63053
97786
33642
14390
44701
64775
38713
26742
40718
34367
86608
64689
99293
62517
87665
31428
2683
617
77000
3220
32349
81355
92346
1174
46025
17939
95165
86647
33199
54618
31245
27036
83485
92777
43533
39725
39827
49728
46758
44188
49821
16189
87845
67368
23389
94561
37648
41437
18756
28996
22960
88911
69330
84074
79178
502
52452
37660
27792
91340
98446
32982
16151
50306
72839
62724
63084
11934
82329
54912
73389
1881
18666
13395
22519
75890
49466
56969
53971
64737
95552
82852
50946
25175
7801
17714
19774
38948
88329
3932
85460
82580
75822
1749
8642
49166
7108
71933
31261
89705
15267
91918
21665
13916
82352
47023
725
86374
32386
97866
84300
77025
22191
57917
76629
55721
82975
10041
62085
27937
29068
41467
9680
99835
78008
35734
59830
36953
46818
47599
78102
18943
62608
22108
61711
37759
4132
54334
60253
46849
76609
24968
25046
46840
11263
91889
29207
74829
4221
50638
41123
39386
48705
61172
84485
89404
59321
73479
27250
78269
21857
37747
96507
35736
4417
34039
81461
69132
59606
73221
85196
50174
49193
70127
92171
73289
36022
11076
58235
32910
97320
4944
6908
5481
30301
56325
21952
33435
23131
58019
91082
68284
16018
12455
39155
68151
74447
93097
27570
53781
64955
57558
42611
41514
11397
54622
439
92085
16818
56187
98511
23578
75393
96351
10070
6737
32160
1757
29768
93746
32878
70699
3410
11549
1269
41707
52491
88523
52253
94508
35905
41640
31381
2905
27740
18002
54511
41805
98313
93606
79988
63966
41164
23700
18286
23727
76069
58340
93697
13585
21498
18104
64601
8895
5828
52705
86048
59023
77265
57827
65914
87477
69918
71323
94846
67960
67695
7547
45231
70542
68676
99327
27401
16904
7888
84988
48067
37982
51896
86794
93899
8431
7322
65396
69920
13298
97773
9992
37941
64772
95146
69031
61451
74949
24671
40794
6615
90526
12500
89548
84971
61618
76015
43740
16773
93349
70839
46143
9437
13887
92494
91635
59126
7693
4781
67226
24133
91305
16712
81806
74797
69461
97190
13986
55578
69078
52200
5832
17367
90715
96879
82251
40572
72400
84209
53867
22015
7957
30062
41850
52673
52698
61299
12448
6230
4047
22532
87526
2255
7166
49783
83434
36595
30431
35414
83076
18809
12442
13716
22162
63141
76046
67298
34418
44784
59388
9639
12646
34056
66025
43646
42439
54422
42117
40501
77327
87574
5695
26576
56510
34541
8929
64478
46330
45066
97172
9223
8337
20027
86740
83226
37173
49836
65370
40558
31857
9749
50971
47807
66747
85160
39684
49260
81454
55549
91150
99863
33425
59088
60210
25724
32193
48339
18431
60478
24251
82133
62650
32275
26913
15815
8833
60010
84735
96791
16692
45363
2050
56749
53587
9430
94286
5704
79980
76081
52219
26705
21990
77759
47770
52939
26356
49915
90850
59281
2586
71284
29959
6977
71176
20925
86556
98934
23397
23971
80746
53243
28013
1649
22586
95162
36854
89793
93559
99109
61873
65141
94928
6203
55992
23622
9509
19798
42656
2052
93270
35213
47529
4188
87335
95670
70762
59595
85983
75153
48446
3436
46739
12595
23863
65393
29208
80034
90007
3736
89328
82878
78461
50546
97409
89443
23564
40710
91081
53320
15767
95083
102
17191
24481
43789
38231
39052
32136
1583
18507
35772
9522
35975
13670
54461
97889
65463
96153
90398
65967
73009
15492
73396
18915
95291
8701
38998
17326
99453
48046
93289
59400
12706
57867
47549
31671
88774
66968
97558
5492
4693
86552
24225
42595
68931
81777
76856
74997
41971
87320
39248
19284
9059
56520
2490
57249
52450
94703
16873
73726
67871
73617
49179
22407
84408
4750
33777
69033
5860
86128
7071
50968
94308
74428
67177
7381
52425
76456
58553
71944
29630
72790
38885
29890
46619
97248
84604
87912
83289
52743
29113
98156
48652
71487
44957
63147
75490
12739
6762
45090
6458
48854
70950
24921
42016
38520
96538
62729
53998
20651
71554
64002
41270
12450
45379
69220
35915
1348
57255
62915
71659
32633
45147
57766
51156
55710
90569
45597
34161
35499
19473
83144
50724
85976
51377
65173
29705
49037
45460
16461
61227
10479
67590
56328
68141
3690
27940
81773
16931
55922
49822
32583
6893
58276
11955
28814
69561
81092
68794
83250
30701
72361
38861
24085
93921
81246
62478
27159
52414
93762
6194
99107
30275
20781
43892
68101
41596
80987
7163
87208
59895
18680
47436
41690
73006
68877
81715
31374
91645
30500
774
9650
86936
88524
67626
61030
95881
22229
92791
82542
44080
28510
65592
31241
62120
16991
73310
78285
95323
39064
28749
67592
52657
81509
84864
59112
58105
46335
33455
58642
64613
11197
86655
67997
95713
99515
87585
100000
36320
16479
66177
1471
32820
94792
12071
68937
84316
58648
64807
84271
97112
98717
88440
58808
62170
61876
24766
41873
36472
73752
17374
93865
38616
9273
57581
38034
22491
92502
23211
98730
95495
22530
56574
9765
14799
26106
48839
18700
83089
29118
69580
88816
76779
77792
3507
40815
51317
61943
39949
765
65515
68645
54011
40094
46441
6236
9183
48564
87182
24668
89130
59909
61990
33655
26628
25900
96585
50586
68518
41621
4381
43657
81652
86906
76667
98976
39549
89278
45752
33564
94075
61996
40193
54471
63235
51158
94234
45868
86116
1839
22395
80383
46152
58633
18742
96751
39098
971
26663
16301
65323
51518
41979
16816
16105
67189
17602
36336
76287
19600
4749
19406
52500
38929
58620
93150
20005
15685
10919
11044
17755
4258
76055
23080
94093
68723
90265
41501
95253
57143
68214
38604
4531
63275
25002
5714
35185
41418
88047
55067
88908
23068
3666
22798
57170
25141
35597
61180
25655
81180
43682
50423
35955
85968
17348
67397
13002
19662
53242
18500
17468
84319
5923
58278
44900
10825
39043
77092
45925
48151
55605
17612
1221
26892
69215
60580
44908
51545
88476
60785
75299
3078
41774
79814
88834
76271
47483
27932
51278
95023
980
84775
69006
55163
93215
12261
74092
20850
27971
99455
89161
74443
29717
47716
37441
62051
61746
33016
78918
32807
80258
50839
30609
34979
81911
37015
96607
16196
95753
70930
82892
24982
72489
85012
55812
12052
58017
54151
80924
41185
80081
70393
65438
85017
34155
31620
18411
33700
87524
66433
6095
41981
58320
47843
66653
93390
47720
7440
49182
71309
45661
2363
25666
52009
25592
21709
62842
48989
33757
32610
61962
62429
10096
78332
80411
28667
92118
75871
24007
71204
82209
44865
23258
86985
5283
3810
34695
7105
24232
61058
77507
26173
88713
53009
95801
73448
7147
21402
94612
97367
96468
81115
49743
11392
70881
59262
90698
6271
21
57112
50890
90810
92738
89556
10609
3497
86055
83634
95621
54646
1582
874
94292
6291
43093
42362
61310
11070
51141
9277
20770
74137
79864
33665
85888
75199
33723
76256
95756
20207
10573
93896
63044
53922
32328
28479
43969
74743
62017
85268
43694
48731
6199
91425
23716
90043
10344
59671
66871
70481
51708
37668
50323
48466
47392
95761
6415
25617
37639
85978
91597
11557
34335
60336
29739
3927
14099
60488
93177
67444
96805
44993
68413
87104
10421
40285
58377
9260
28929
95787
35200
99573
61988
96622
63508
50395
72430
89466
9854
17087
80771
77207
74690
73121
4747
82456
96835
48400
42021
32636
4206
94532
51160
13064
65249
99203
51654
20198
61872
49612
10800
9683
48265
60148
72590
78577
7170
10053
69094
28741
40962
29185
9663
14102
17513
85625
50989
53468
14522
77700
58182
33546
98165
97151
24779
44884
47774
22445
26606
56342
8533
18391
1016
79225
95398
6287
72254
41227
75298
85269
61769
22098
1130
54387
55183
29847
33990
50254
93113
91880
69040
14531
14621
38092
99782
73952
66521
91083
79750
18878
74255
61600
72154
49654
13457
64381
23014
90048
88102
87598
5745
59541
75918
11223
25930
94664
60115
22386
40532
97418
47130
99538
78985
57398
60726
93040
68827
37964
52896
90828
97049
47063
61233
4847
67993
29882
15657
47873
77811
28868
69206
2451
2820
99375
37748
36313
94838
87490
3509
79686
46896
51336
71695
42528
48209
47540
85833
47859
39591
81674
54408
9736
33649
19658
93722
34160
12311
12468
51254
7976
56481
40995
86089
57210
97578
30816
14856
86342
9448
98015
76805
13563
53860
96278
82394
48275
31235
54407
88724
28380
68249
26385
47575
63106
88268
63717
61269
19115
61217
49246
49062
64545
75635
16014
38280
50307
92029
80227
31772
76195
74318
20939
22081
10280
85526
86909
31263
32891
93400
24326
36553
36640
86726
58034
47780
41663
15728
31605
76191
4925
80604
74175
26481
64645
50970
24287
82541
15604
50173
30434
87204
81774
34787
46231
87805
96996
62071
91765
39544
90782
16380
89465
90434
79761
95044
45173
6234
82109
54125
43887
86944
21039
4914
97028
97510
96926
75421
56096
73822
94614
29032
37818
86930
85773
47466
45436
15891
81001
43319
47887
21567
65357
25887
81868
11366
36502
75253
35224
98383
59366
28143
90012
77067
19477
51382
55006
59900
13606
69270
78645
40455
2697
37684
35524
41794
20035
20634
97475
10827
65618
13649
3795
94676
66760
93532
41217
12038
20159
10307
26212
29835
31306
50385
4278
85
29507
19003
76675
39087
21108
64679
21468
5584
54698
87648
51560
50842
80980
85878
6641
17533
79993
93730
65493
8472
21522
15157
44898
82588
11241
26406
98657
64129
85174
66525
53665
21671
16837
70035
34812
79288
41927
55167
94759
64410
1118
1985
61629
65506
23512
57275
84478
77914
64068
48982
18525
49141
82562
73077
64954
54647
23707
31895
39414
18485
69521
96192
47031
25852
86223
99159
4442
60337
52704
62108
11235
31704
38803
37487
35115
69846
59927
62998
82219
11803
76896
50748
96061
42092
21723
87590
25112
50854
78889
47694
76229
31507
24151
6223
6561
68130
23942
86408
18775
53487
37503
92295
54179
53056
89795
26745
98253
81803
16889
47673
24529
53391
17340
33849
78495
21565
39121
84916
41705
24395
94171
80269
32262
8075
50618
14345
89505
57446
58754
40913
98914
86643
63410
92701
71907
6214
38197
68023
32576
99388
49987
12765
43683
52574
26308
54406
71834
82989
47524
89155
71078
70690
41544
45316
2082
655
8940
61388
10771
23850
42759
26363
77676
53163
87243
44936
23496
77409
62473
59245
93798
1894
32080
51572
46249
77013
12878
45541
90090
87269
89594
56084
30517
86345
47311
38370
25307
21923
55132
70133
92117
63459
18228
56723
8962
29302
75886
78928
93732
7640
5230
11161
81810
33115
49596
41367
37175
77202
87247
14566
2042
30395
41766
39307
17228
45042
93397
64274
20797
25881
72533
28467
30151
32908
76919
38547
46077
88051
19219
17308
95458
4663
69121
87517
54566
57568
21747
96795
86059
51626
56462
27002
16334
22803
46013
15804
16093
65748
92784
62070
84758
86917
72897
32782
56233
78170
65420
75348
39031
69156
71048
72589
63710
37989
62185
17302
84099
6090
63234
38248
22650
74890
42722
2281
49218
80288
58802
59212
42811
10071
61793
23633
99970
31334
24853
90611
43821
72702
59835
24073
86016
19363
33774
23999
50582
8662
80080
61561
25043
47482
3791
22970
43851
88691
80440
5162
59887
96945
3448
52025
81053
15360
61779
86747
14195
69444
2659
91869
87171
26256
82586
80463
1438
78484
39024
64905
21940
31893
14626
12002
59493
66637
38318
86514
98827
36867
995
24923
66574
77794
34916
15111
71036
70788
88151
5876
60264
20638
65271
70073
72283
16282
53268
50522
95453
27026
14261
82721
45257
6571
46620
14199
31280
2932
86396
46571
90678
76387
90178
63858
26774
78816
9759
26048
84487
26204
2614
31945
83632
62925
55536
60351
89951
59156
4290
14208
85009
573
31498
71214
47384
63038
49144
43882
11106
59335
16024
14842
42808
48096
27201
60649
95440
857
8951
48998
82016
92394
20260
9471
79707
87887
60689
66659
7719
43806
18911
31363
8047
54727
63050
56656
89414
32862
19664
86294
2578
38745
63826
81970
22920
14313
56526
85192
75200
43490
22260
15635
69708
50810
33063
70021
9200
26313
31744
1947
23659
36397
4551
39
56566
76049
12766
55814
36145
70790
34013
43623
58573
2141
87836
14694
63142
99299
66066
37830
94328
10849
37383
41130
55646
16239
27111
40160
54242
11842
26846
90519
84409
22828
59761
66206
95938
71893
59002
36028
13264
20826
20480
359
40211
13212
57628
31136
93638
20155
43360
38819
6348
92215
6158
5502
75736
52834
49619
20172
23966
81523
4009
88180
89415
46274
8699
504
75025
5793
69103
84185
52434
33171
97532
64037
31601
10503
21424
69483
64336
62090
10209
80607
15734
31598
55587
20764
78150
21505
36630
25478
98140
86889
92857
91550
21508
76084
94317
29006
96339
19221
42910
68716
65234
59568
22425
91962
45212
56124
43266
59990
25271
19355
97749
5164
1157
48315
12554
97633
56683
40425
86978
88414
23713
29298
92959
4522
99739
50844
3583
19623
97057
82577
24879
35441
49162
41322
78439
88485
27147
42892
69327
84694
12008
20612
24289
20783
88162
91142
70170
7583
47733
23008
37620
67300
83323
71808
34804
30855
62007
22427
29012
97718
93963
76452
93200
65644
47387
14861
66070
11204
549
37427
19964
34882
49190
13035
76621
34705
66771
87189
38554
61253
50755
9383
96113
11227
95636
96513
32234
52192
72103
91723
35891
4476
28633
19266
6927
19130
12390
44096
92911
6687
87693
8647
37700
15183
81580
65015
65800
69169
79434
10887
86580
2265
75926
46494
98755
25929
77266
64766
87318
7152
9122
22754
24058
30604
49417
31887
6268
58173
85098
2549
50958
26486
49097
48934
10197
84384
309
94962
79480
80590
33428
18888
40449
5990
77852
22800
85576
28389
85970
51068
71650
87414
22025
74332
60364
99791
37177
18629
95683
86902
12381
87045
24114
74689
55495
68496
83710
70872
3303
24037
83458
32978
51095
29288
28036
87638
82147
91805
19250
24065
54085
73717
19297
12860
39984
44279
71143
57601
72794
14610
50067
57035
58328
80563
71310
72882
90794
20976
37167
49205
42885
54327
95651
52836
92105
59903
51898
17896
77684
86227
66409
95505
1308
87423
77703
5627
81389
55429
63574
57702
64847
52870
65121
56907
2287
37686
70291
45803
94439
90388
2817
49430
42507
98611
6360
93989
21336
92998
72382
84813
2087
91539
38891
25948
1967
70290
18725
13151
22652
10956
34618
9409
38350
38100
32211
64326
90861
47559
94005
30318
35132
50425
68555
67163
64638
36926
95102
28465
3476
25818
22858
67169
68779
31350
81761
10580
17444
84338
17339
12635
58473
28900
13802
72596
74728
14667
99243
15288
40637
64046
95821
2142
87089
58042
75464
75750
89134
17440
9422
63940
9612
51140
87459
80265
70938
17429
25330
5778
10102
91009
29945
78492
78067
25786
79414
72543
97539
75221
96884
66394
42794
11898
69372
94269
17915
98742
8292
16404
98585
62540
70175
1361
86127
88223
15896
67767
23853
90733
388
36057
95013
37300
77166
88178
54574
92658
56048
73579
8388
87082
45289
50010
96556
54277
99684
30113
6266
9295
31609
47314
80885
95091
48978
55306
40
78330
43175
24486
24235
2001
30598
50978
62742
78089
2677
92063
55802
33964
26833
75159
59419
17195
1282
50412
44379
64528
83592
91874
76737
71013
81014
64302
96260
91205
27021
28496
44333
89104
16847
49957
9638
92282
33270
54294
98410
22256
56931
17911
30848
44289
36249
18240
49352
35389
67539
85719
25663
14286
12074
34621
65670
84588
31398
92822
8333
57075
23077
45134
47242
76733
1465
23073
79849
85323
68255
33795
85334
66108
48542
14558
79039
64134
68478
81050
67836
85408
97868
15404
87118
51106
8729
13288
30903
66506
25745
93581
58322
96428
13778
64547
10142
66622
82124
10170
34163
70664
18755
17854
65767
9171
35000
36633
68880
27788
20640
91298
98988
37780
57298
70717
99298
42322
91644
14459
3943
81417
25717
21877
83756
34733
86714
54671
40284
39040
32001
30420
54769
80465
39005
33558
93452
93809
98129
92198
19375
26870
3230
98456
99910
33020
53981
38041
42023
55985
7736
16326
96235
64289
64293
42700
40877
97239
37718
13008
33722
45505
83786
46897
74207
51419
72402
15623
72857
72902
21317
64308
87817
99173
51444
92932
56672
60271
45249
83627
66891
7951
29683
77642
85494
43700
48541
7611
26096
88851
70621
96851
19660
28604
37543
71916
53703
54662
74760
48448
44698
13956
63855
81387
25411
76696
84611
3994
30684
90955
26689
32180
42626
284
88996
8402
8019
83357
39376
79943
61304
9037
92999
82694
99003
87663
8949
26572
87957
64512
24990
93971
14557
61624
79402
71076
38640
7454
79322
18890
73524
84686
65944
78259
59920
49912
40102
68263
57679
83829
67193
75616
33883
62103
28658
50195
95929
28215
1439
87680
82773
25596
89982
80122
69776
84724
14498
64840
37320
14907
48808
55640
13070
69682
99987
22390
9963
48057
75308
60047
76808
75716
21742
9259
14819
59461
29925
45113
89213
56999
51474
93086
36868
25111
32310
13251
16443
50605
94055
29611
56639
4163
75099
45214
98309
18790
97118
3616
81490
65866
70944
14095
88015
13794
35478
58987
60545
40659
39843
19483
51779
21751
64974
77500
7389
87087
28791
51978
75995
6443
93259
44095
88509
16681
59698
17948
56130
50642
18981
3609
61572
4412
59515
