39179
68572
55455
3753
90137
77226
95702
5960
66007
51456
97505
9761
52227
55183
33167
19165
2469
6630
38463
29629
66154
21148
27698
3035
17181
51004
3483
41781
91960
20105
96055
36953
56232
61251
20181
83324
75042
86220
46974
76242
61851
2947
36551
860
61727
8302
28701
70233
69744
51266
1551
72672
56353
854
62230
68403
18240
51105
99856
23129
23346
65526
61146
50070
317
28064
55796
35863
42087
44572
1225
98486
97979
84706
1123
86574
95737
96708
22408
99025
51571
26715
98156
48677
92409
62894
30826
80345
13409
57306
17456
80210
39871
98158
87056
1103
49152
67614
57769
1674
45286
98485
78065
99958
38943
97178
22775
76954
22086
95639
49796
94114
15467
45660
84182
97618
3041
11170
40917
70042
54676
6818
88560
73668
94886
98490
62116
50032
62302
70269
76524
89136
57743
63265
53546
28467
36029
17787
36515
84798
54272
26397
49727
44712
47057
59030
79182
69212
9539
21222
71437
1637
19244
32963
1614
25522
48302
89113
67472
73614
87430
89261
58415
55211
272
81054
23838
43510
58431
24018
62915
79252
50595
33430
40124
41929
89914
33254
80147
87536
74548
93192
20905
53302
27835
19854
80301
78840
17816
35323
66802
6117
17365
49944
77078
7443
94442
28028
60119
84349
12045
49191
34359
64479
56966
4918
64803
14752
39014
85564
20370
60376
987
97483
44693
27407
13762
93250
5331
10368
58760
46994
1552
87862
44892
79666
10404
63057
74231
55297
40496
1593
75320
66358
44440
87615
97872
86407
97933
2587
82729
77668
28641
55264
86459
70574
92276
27272
59107
82168
48331
70575
22275
77385
72110
17446
11534
50615
67813
5275
54881
62664
66750
33277
73468
37462
57
68356
17912
44274
97366
77181
32541
11546
59874
72578
78140
58649
79952
9888
93410
86722
93044
44833
93504
65104
63313
72628
12991
44431
35319
90899
86882
79150
31638
34024
31775
32229
58573
3925
65297
17147
89508
16949
66865
59299
7593
22500
53895
82327
16120
32648
95226
11017
59138
95107
8656
92272
60193
35570
13388
12184
69307
1193
53274
54735
21
65256
15958
98148
18197
33864
37643
53422
44792
91545
43578
88559
54319
20317
66572
33124
96146
73297
71273
55056
488
3433
7777
4331
99038
70316
55280
64668
36404
23585
84569
9030
77635
76236
49870
47122
60042
88911
74818
18368
9627
5975
28838
71842
15476
11276
21083
39641
27808
65067
45738
4685
50382
37711
92277
52880
24441
71661
59833
78423
12941
97961
81691
39427
39752
92714
94301
57696
67913
78442
39842
99834
60393
96790
94494
98968
872
58055
99490
66013
38116
2276
51935
39272
33525
46341
39497
3593
87806
99433
9782
11698
17329
41221
78377
34452
21018
44731
64941
29369
551
61620
16421
86496
82614
49844
1359
5495
60308
67766
4523
18701
6364
61962
66489
51902
86373
28098
28310
88144
82618
19021
90180
880
5741
96474
91807
41296
39707
43156
99409
18051
77099
55259
17897
86396
14090
6251
64831
77799
32788
47768
17831
74147
55561
78087
72008
95472
38543
78614
19160
25782
7306
88594
54582
39824
5768
51618
11334
95492
75726
81679
36576
11820
58367
41529
63670
64762
29033
45245
16288
55223
6440
41544
8159
26340
85937
175
45126
8827
52026
67981
20300
71595
60736
55990
3958
20817
61428
84201
24369
58313
35615
67386
15308
88290
38364
62034
70330
97169
63624
3414
85620
61745
14915
71475
44379
60097
20048
43699
34895
71480
28217
32344
90944
41507
97375
27970
84261
34850
17829
52217
86679
71974
34337
81672
14902
59598
40225
37253
97815
15770
49908
74926
34716
52116
91396
34915
5405
51025
44626
21225
28975
80612
5133
74600
59622
35357
25024
70397
22576
29252
33052
90370
98738
32824
89845
81227
41345
68638
54834
61548
908
65772
95585
43720
74996
24985
10855
49017
10903
44325
49398
1559
17152
75461
30708
2313
84374
23779
41765
21391
14077
88900
97380
6789
1323
36050
83310
51065
24642
58304
80902
75775
7057
9019
82509
89256
73539
27897
60555
20371
63150
31134
59568
36164
93395
34794
70566
62876
20944
7389
98482
34657
65076
704
31814
89126
85515
3235
76146
36069
371
36245
58578
84179
53776
94124
87961
12202
74362
54793
86403
27846
94851
12626
11599
51307
97648
6622
60890
45859
36352
60497
36752
80783
78682
65124
96492
80961
62725
85064
22659
24313
27941
96899
26861
38767
37066
58547
67419
76702
85910
37048
57052
37205
92876
6875
44762
92318
37455
87387
71435
70333
41785
9356
50020
1236
72832
52130
28906
4247
89045
27632
4916
23819
17125
11743
64147
84734
80597
51856
22390
9062
8056
69417
55298
73514
6906
71932
27803
76309
88839
60289
45100
77750
98041
24591
87576
39050
1167
19710
63809
3064
2840
36370
62830
54663
89940
79143
16780
11752
19187
74624
73151
2698
47918
34336
71315
50949
67076
8504
26367
49122
61631
8226
61991
55607
63818
47709
18472
56133
5241
92362
84142
34216
55046
28277
45945
68269
66831
88745
92380
85546
25436
98292
41103
4853
71182
16157
51515
80054
24067
88996
98022
96839
21774
48247
59214
86791
47211
59219
70457
25627
6793
77962
67227
46184
99024
34708
28551
46487
86969
45394
15325
73202
66312
69304
61462
62232
97637
25032
12543
3960
62039
57804
81873
88751
90077
71755
46674
27886
74529
72379
29124
84421
8547
51473
80503
63567
38435
60494
83367
95762
16974
83249
24779
50870
47875
9395
2226
16723
68521
98117
96755
5114
48523
8676
21894
63524
16045
72727
76478
88706
34327
17317
47660
98955
79186
31821
98694
88242
26626
86263
70841
85191
51464
28840
98002
67382
46507
13284
60856
76995
6990
83170
84995
67918
55055
89559
71453
78265
61829
29758
28122
43360
26430
95186
44549
8864
88245
85240
85912
74660
61893
98583
36082
19834
53132
65220
21851
46264
38145
89567
97163
64525
45635
59908
42044
9601
66466
56040
39278
33099
75314
54891
17492
78813
73368
49027
71721
69643
51998
98609
65072
26924
98780
46631
98992
99938
4101
37063
6912
73170
21708
33392
17610
69760
18676
84699
95321
14059
91826
59708
88851
67888
50700
86724
22113
41947
89473
21017
27215
96526
60220
87424
81820
7658
5346
51263
52417
15018
3596
42959
98841
62732
2638
41159
34190
20603
65659
94511
99448
57482
64311
45733
5110
81950
95638
40782
2039
84820
18302
96155
22320
21757
62678
95248
84234
75334
94985
65770
56967
23118
42775
99372
84032
82497
88065
57926
33001
33343
79554
23137
64595
20063
99321
30055
23588
37771
2914
82616
79833
1548
31670
69343
11253
31783
60676
56752
98476
31261
93051
47673
13191
94599
71912
87404
58597
15392
85587
13598
45002
34797
14708
1767
12764
23459
72084
73949
20232
37140
3190
24403
28981
71284
36179
40059
50725
10185
76679
5796
9753
17762
17597
53687
97116
81843
90749
69617
22815
42534
55973
16854
62291
84668
71031
84480
15728
41505
58339
70100
27154
71454
87959
71380
46950
75584
7381
59942
18500
17463
5393
52562
83089
25239
79452
10815
69773
38347
87337
25502
5962
2642
6148
37137
42760
42218
46926
58425
20678
24805
91018
88390
21550
81133
60113
92306
35581
1677
87755
48829
43663
27301
40527
13512
96275
32679
20243
26228
8767
51230
99631
40846
77706
56805
93832
83071
30921
69391
17069
72912
93619
8173
65666
19420
82007
45105
58012
70673
59413
28137
80178
15207
81070
93027
59427
52367
3575
85493
36673
40761
49594
4142
17146
67168
55488
67033
88364
76793
25399
69743
30877
32460
45246
26893
88927
51653
12471
7765
16037
31390
61868
91758
17701
97342
77165
78346
16803
1249
99754
11373
51860
89636
55432
17864
35337
98969
8834
71447
76783
50791
22226
49458
10421
48349
81761
9423
76162
5868
28850
69640
96307
75708
77600
72587
27116
33060
29500
98613
30878
62417
6129
6263
72307
18253
78760
71036
70743
38384
98929
45957
83868
17201
1916
2751
44294
25518
64561
34777
90526
17200
77989
25965
81023
2738
28731
67067
51610
88331
29227
2434
23418
87184
52186
62838
92663
29988
89987
65233
30067
17040
88820
55270
96577
20405
34717
80496
47414
59814
70786
65028
90638
99901
84691
57744
77053
83669
78365
39966
76915
63298
10242
42876
98204
60322
2878
70680
84869
52574
82372
85094
33330
64991
75216
18004
89104
25674
98277
81323
57900
88162
96466
55327
45885
67418
44491
42073
8665
43384
31267
89815
67732
41835
98965
52758
76888
13526
30865
38417
63096
26338
46880
87154
47887
7073
83682
95955
53553
32997
67882
58032
13541
77297
95062
58997
34772
95440
98846
51126
56188
25470
58106
60167
186
39927
36990
70738
53224
9945
53326
20050
70340
63220
873
81538
65468
84222
71973
17095
17076
91941
99224
7276
92064
63228
44687
27854
39944
17989
29789
57833
76015
34771
74470
69649
57787
94891
82213
756
13525
17951
1065
14313
53621
80939
4493
24269
80293
44611
52675
75126
95986
75061
14048
1842
71978
98579
56990
98951
5744
46986
76152
44727
5252
82738
27683
58119
73641
38051
6255
23853
83183
5884
3601
35229
76747
47238
4233
53781
75415
57812
9123
27415
54812
93576
75572
94779
96467
73243
49036
23560
60578
1973
61547
88799
97892
20786
36775
64419
63750
4607
37981
31786
41582
52784
15183
71663
93484
38295
13584
10065
67705
76346
12783
39449
97127
63272
73446
61075
58444
46079
24038
95741
68384
98090
34805
52939
22182
13965
2088
7028
31096
22244
45770
36311
42674
3245
46122
90125
75002
17098
71163
96980
85363
54880
33332
2579
51212
90369
85688
6715
59247
36613
45134
48798
26443
15803
2718
93977
14406
20723
92103
29458
83057
88756
74535
74950
37069
96653
85449
92335
15804
20897
3640
83330
81522
97289
84066
48881
19945
8365
92670
58995
93118
85562
89518
85801
2565
15200
63137
2709
45068
36988
47183
77098
40169
99891
3771
90773
77743
89625
71075
13726
96370
36459
43791
68854
93804
13519
16090
23600
35485
76290
62067
28788
33885
88117
33959
31164
57236
39959
77985
54574
93320
70992
22227
64327
5911
47340
25279
60623
54823
81233
36039
96953
25868
52954
64823
40550
7211
99477
53928
48211
55894
75471
93015
46119
3103
56081
22010
18893
30033
53284
14170
61536
5756
44716
25752
10949
17376
33882
43943
21528
19164
90028
48395
50441
30054
12968
54147
22053
40250
67968
95832
96833
17807
73962
46993
86708
60677
61596
20364
50956
97482
30592
48928
15213
89172
71879
33499
3177
4318
81150
45139
27549
99131
43238
77944
57748
47428
97768
32542
13681
43382
1707
97897
97553
12015
43661
87704
98782
77266
64201
90290
52450
94586
56961
15204
33983
35384
86688
21442
69324
83236
6851
54852
66558
4741
91950
54390
1771
74302
52473
94491
56476
55914
25638
96193
66127
64903
87649
59614
3224
98857
36862
24129
26536
88903
45522
61495
7462
22336
968
78501
19599
94611
72742
39123
20087
98835
65835
59593
42786
78639
35990
75765
44525
11157
24539
18503
83213
14891
66193
65251
42971
89889
18523
8598
3663
61947
11404
67081
93228
36078
52295
95176
66850
17077
18281
42263
99234
62542
4470
39412
75330
30694
61763
12607
87477
79581
81031
40735
16165
75668
16600
93538
39496
97816
33993
9338
50796
9817
94077
94069
68896
6126
56846
90098
24007
78367
65592
74857
79861
75560
96734
59045
31684
99180
55172
42159
47370
25658
29106
81098
77417
9362
52529
23405
68627
80530
30852
12536
85225
23331
16096
25529
57331
28883
29654
82737
14535
87790
32258
51695
10573
94318
52931
81049
53571
44633
31605
79676
65551
76094
65214
14455
45274
95235
54860
5298
40882
85299
74604
32974
73278
35907
68758
83511
24226
58718
49927
4298
41991
28781
19790
3931
68452
37811
69896
9148
52160
28957
74455
31015
52242
8569
26903
48199
50872
85265
4870
55534
25999
57444
31835
42998
45527
51243
17048
26369
71359
86796
34069
78747
53882
70658
10871
8905
73082
54699
98465
49937
72959
81327
23475
30133
37898
38916
49291
4542
46695
84069
98730
97274
34224
81225
6804
66071
17424
46785
92539
55090
78284
77952
4095
38297
39488
60685
94641
70688
12508
28667
690
1823
40759
14151
35269
58446
70046
19052
10356
46817
37922
31625
12961
41719
55420
18675
67092
87913
4326
12486
46531
18263
36318
76634
41528
36975
15673
10399
81377
53796
29229
46665
69769
63980
75812
37049
74816
88525
90275
5079
66562
63982
14619
6632
70487
42797
76452
79895
51404
18338
9636
61767
80590
24703
67410
16074
56960
95660
5202
35531
62118
81992
96861
84603
74337
44148
77582
69955
97619
35341
54470
48521
73271
31787
29485
36984
80468
83223
82601
36839
29457
73189
45911
7342
8861
24135
32908
71596
79699
58897
60095
84224
3165
411
8769
79636
2875
34802
2492
82218
84303
26799
2523
7764
91468
55351
63399
13800
41683
53079
75888
14678
97810
39434
56630
51733
53060
47036
7281
71139
94733
29740
37058
13556
37816
59184
71160
51039
84855
2757
48789
65451
4578
47879
85573
72674
98888
56120
74915
48409
95071
6697
68526
81322
27593
47538
41536
70286
64589
13655
98400
44534
70531
81136
11921
59308
67255
19686
53589
36746
74319
43841
14803
87017
41675
17120
27738
90145
19445
13539
41436
2067
50971
9231
49748
97401
65942
57269
88727
92000
86315
39808
31036
14870
19907
70585
81007
47881
5889
76985
49457
98494
32144
37006
43163
25783
24485
14036
8263
76865
29855
67032
74269
3542
31335
32584
23635
30757
27300
27311
11957
56687
1930
42764
13642
73935
88157
7646
11890
34446
22259
8842
8060
60951
70615
81336
74525
96293
45056
40597
3694
94946
3082
5215
51431
76696
85971
65264
54890
4344
21635
7545
8534
29314
62001
26450
41655
82970
29797
91990
31008
43401
25704
99251
46679
10177
41755
60099
51802
18812
76810
93557
60360
31436
38751
63989
28888
10954
10431
18183
91225
71599
21617
14750
8880
51924
64321
11501
93850
82719
18215
30360
54671
32129
83986
5394
59081
40911
68913
89148
52649
40878
21808
13757
11478
11675
21523
28045
48174
37870
70415
58747
32497
71702
63917
12455
34542
39777
20668
64708
14559
99238
36857
34693
65310
33521
75275
10610
29465
15280
6530
50892
23061
86270
90209
99536
43838
60653
63906
32890
70994
57947
89639
13041
80679
21674
68454
61747
51913
76907
41858
91002
17333
7564
24205
767
98189
12601
81964
26581
36757
57252
8100
33604
75200
43083
69143
48599
74037
93638
25289
18995
40349
34970
34244
21489
62068
43102
3344
14688
59186
9163
11690
79859
53665
19769
53155
57941
82832
16846
34845
23324
93966
25730
34035
10114
83809
64483
32335
40127
95178
7252
94066
6317
69435
63372
61237
77009
46399
10952
76240
29587
29171
61559
82068
70954
91978
18322
38239
73273
52589
30618
84812
80789
71986
32325
72021
16101
7174
72691
79167
13695
63834
18663
61929
16870
39730
20333
56466
94637
61757
16992
73799
6501
70120
69891
26886
58469
61417
2916
14582
72235
22609
79866
63677
93845
94929
19384
78782
38546
22197
53104
91824
29891
69339
38290
31291
3376
16072
18558
5499
27690
68660
39667
58744
72450
34868
6519
73455
24636
53525
66148
7279
44957
74524
78819
60637
593
75547
85535
68703
50178
11608
97143
20174
53956
8016
32484
43754
46914
54085
74262
74329
2990
72364
83840
45447
6583
51823
69238
41812
8413
93517
86782
92241
40014
2788
56771
22896
1423
22666
42266
47101
267
88866
27078
92862
72663
5451
20762
36012
35208
33136
99035
32608
32523
9344
51799
57590
83001
57480
43201
62011
86438
10812
15843
64065
13301
50904
20036
42474
40517
51919
82947
47350
87512
67972
70866
2219
8272
36236
99607
36009
96232
9181
6725
25626
85300
83120
46088
71868
47251
19511
11103
8768
63531
24416
50171
92254
53795
10086
18387
34710
51622
80427
84778
8386
53313
99197
39726
58830
23476
56481
46709
8672
49095
12171
50900
55064
28910
80694
84390
2616
70082
27810
977
20032
75269
12375
93459
8396
21805
63082
91149
91656
16053
65547
19275
53487
22058
28775
18195
98753
80205
54584
65111
78057
61293
18181
59881
89065
73425
12702
82651
64175
94086
47602
24607
69097
71675
4651
80830
62062
40027
11213
65915
99355
4816
53520
88151
1682
82318
67309
20528
13385
53950
9777
17551
83509
86999
46613
10969
51487
21519
33256
12359
23377
97176
88865
97411
33104
72886
62803
164
61737
89070
56995
86360
11839
76149
1877
62172
94720
9940
64048
15885
78188
57705
11889
26514
8711
2848
66153
1353
55479
1615
45133
29383
33806
61243
75204
11564
64250
21848
283
66795
83859
73502
10280
82312
77493
79720
11146
39170
19684
20033
94789
67621
73132
81828
43295
47292
20419
80260
81292
30989
19727
43708
81061
44903
62095
90480
45314
79481
93218
69651
88078
72438
25928
68499
29288
33795
73142
56542
66571
34235
69514
82376
45593
59895
20812
78331
68581
9299
94674
26195
46328
14391
74271
40845
66742
98673
41895
5963
30574
51362
16970
19215
35212
90368
55956
20966
65749
16491
68954
66642
13354
44518
91535
82603
66716
61811
96927
92998
63661
12253
31078
17694
76360
39727
80154
11333
78743
84859
86290
25293
89935
85709
66052
93177
70454
86238
50800
65254
89384
22124
33645
49747
66660
11816
90686
2736
88844
58421
57965
86204
74450
33151
51124
17379
82195
13554
97625
20564
61557
52152
94068
41753
19923
42028
45574
33951
6010
10157
4130
11993
67127
73178
71125
60768
99643
44875
88920
34191
27579
5287
65534
94310
12919
22632
76600
77235
38835
87416
56184
57854
24230
32425
46508
44103
17203
24070
33615
60719
80583
15501
20650
55015
11667
94396
67678
22001
62723
59241
26881
80116
57697
84675
92924
19759
90822
87987
41677
49946
23529
49986
89831
45887
54
16597
45366
50718
98179
34161
33546
794
59615
17514
60549
21059
27540
52960
64585
39582
32694
66842
84628
99065
28911
96131
16367
82996
65737
4632
54182
6128
148
88680
88257
89547
66717
76035
77722
34037
43746
14836
48679
29964
86433
29646
50597
56829
98651
75163
16210
47464
2423
36823
76392
85656
72258
9462
26963
56951
40539
13088
62486
70638
82070
3888
55604
7760
21454
70914
20427
13180
19083
31781
33568
62469
83882
50665
443
60635
69460
78765
60880
85090
60802
64847
54013
69638
75284
65208
21702
38331
14316
8685
67663
67982
40733
77299
19549
53890
99388
57566
80808
96318
63497
61056
44489
7706
16538
45697
10653
50328
40026
94824
46863
8444
16250
19263
56238
62032
32280
13055
12788
29934
84418
69765
2808
2765
76974
57114
86351
49065
13768
95709
19132
41884
16004
83847
67750
20632
48984
42154
61724
55029
37824
89245
92432
24474
35263
56339
62292
14216
31410
99057
86899
64041
4432
1159
84554
58823
1392
98525
59288
25265
12957
67825
44345
84278
6208
35482
26629
41647
37459
52933
26717
16025
28369
92723
36334
58090
95543
44495
12772
58730
44905
5214
37383
79520
49977
34141
90977
94504
81255
13265
39416
49035
14121
26004
41956
29487
71510
33111
84981
25926
32953
24115
1102
21836
87581
19633
66851
34350
9025
87651
94210
26556
25500
62176
61873
69934
35514
63344
87469
37002
78221
25217
11521
35242
5727
53536
53631
47611
72694
21892
15528
73195
51385
2652
75109
14368
77138
18861
85879
15026
33966
59974
45614
19033
79451
97599
89296
45398
81399
28362
62002
35756
37578
52990
68860
730
74860
24926
22757
74421
49964
18543
53756
56890
16744
7792
61232
87472
88336
8264
89407
6006
49000
15238
9763
91537
16876
36458
35318
79199
51041
24752
95559
280
9687
5231
23706
23728
92888
19892
13971
6853
85017
39500
58776
21286
45876
14268
93663
32864
38696
49835
49621
60221
2827
13954
16735
58133
3568
73576
59457
60215
98575
85927
22677
33859
57924
96360
73420
35434
23220
48389
53154
36425
85453
57817
5631
46189
75162
79
34928
24295
13036
89840
88877
1394
29141
61423
4405
44004
59811
92294
38821
49608
41029
63458
2376
40086
5942
79327
9121
9563
35043
58292
84172
36700
7194
12383
19014
55980
22428
41283
22660
31984
48128
65674
49856
3935
38965
66976
22726
55108
78417
7433
37037
66342
77000
4623
3920
85829
82449
73066
83513
48335
47721
16561
30165
78191
10658
36026
78807
73101
65809
9693
19341
24886
57675
19490
60805
22063
472
74669
19926
88524
72113
58490
8849
20484
74971
89948
98752
69336
1209
31559
96485
60707
71457
33726
17517
2433
98150
51665
2599
81563
87253
10774
82921
11060
81974
93682
60611
59805
9471
87062
7097
78571
6051
2369
21648
31442
28424
10810
79111
78304
4160
30644
23731
35637
31906
37335
72775
82161
35287
51916
34563
80745
35408
92858
3801
96533
78458
94558
89226
64528
86388
77171
78958
838
85472
81681
71699
798
12809
79863
9922
46453
18548
26840
83064
10363
74456
72145
367
82766
95104
55209
68101
29205
30359
32818
52318
82805
62498
66401
63072
10934
63084
21223
91376
99366
90042
79431
45946
99168
64864
42995
97236
97323
54409
31119
99137
45265
44010
55410
48143
11302
50183
1411
27490
13443
34894
45683
79669
57203
80109
40693
7893
68917
46153
73898
90317
10191
84662
72122
23065
51228
67004
99271
85799
82001
47048
7908
16028
86046
34142
18635
88509
17143
20426
98666
16486
83911
37573
79244
14588
82903
6394
65803
14136
82411
44371
29536
93515
60155
87532
95150
29175
29352
1847
50936
57014
7962
28399
87852
82427
99877
75084
90835
12424
3441
46013
16822
29159
70001
63165
75088
71348
7419
93197
9244
59779
71790
41489
83940
24513
85044
89124
65244
58360
32227
33227
31952
13020
24560
76086
39521
17578
23798
74115
13026
20766
17944
74326
65066
29911
8970
65300
55415
30367
90821
71430
86642
42447
95043
34171
3565
27705
29633
32981
96016
90425
24782
10067
99706
8052
31825
68109
75807
43592
29471
3127
65589
18391
87335
85403
56533
28738
91091
17784
90311
12002
11569
47749
98513
53468
5050
77515
49060
29291
89977
90847
18224
94814
92446
88964
69882
76973
38983
65910
13774
4872
87126
78283
58327
73094
57952
74284
46836
54479
6310
59233
92932
58255
70366
4204
68548
45703
3394
46810
11972
7153
32073
31011
30386
82789
85911
55198
93184
85949
2528
94102
11114
88783
24733
75752
24259
11648
68353
69193
82083
27551
42513
96661
24924
93026
36055
54224
14962
64468
87150
84840
64962
78327
2218
87243
41584
85863
59646
37555
78266
79026
44586
44137
89431
22604
92311
10978
10420
38306
92472
16674
58951
60423
1985
77101
2557
62721
12027
38328
66569
96643
19590
43526
27817
7300
345
250
12013
96209
34631
37030
43920
36609
75055
6826
34146
79064
91771
45837
58096
94505
363
15390
52053
26792
78440
2440
20203
49240
45403
59695
58703
88768
67233
45753
49070
96741
67261
17834
29527
56411
68028
17934
16271
59434
80432
69558
30939
74648
64344
654
99905
48396
62186
28813
49877
50400
45847
32301
67823
68112
16946
11435
95531
35142
16401
43042
91473
41445
44837
50149
22459
59075
36416
28980
49126
39547
45831
66337
17783
75855
61709
8539
20955
77425
35850
13644
14380
88600
51513
61639
28806
25230
48804
32705
56970
58422
70277
8295
17180
35673
47265
62077
88081
35641
98801
85961
96026
55451
43738
79454
42251
91300
27124
55591
85114
55536
57345
66286
31151
36776
78314
82786
30737
79562
53463
31842
59890
41315
70094
31959
24720
58181
26364
85936
78146
53099
4284
6037
74931
28295
36295
88672
68679
49988
24119
52398
33653
419
58464
76602
14753
44146
34889
70782
97269
36466
69021
91849
59003
28416
71381
67646
91686
22736
15925
56348
12276
17542
27365
16047
91514
19782
72165
32481
88806
6948
73558
45819
62278
68650
57079
95301
75844
73156
147
77534
78447
7565
15486
79841
42504
40389
96757
45995
23005
37517
34993
19910
27460
5572
58439
53995
63578
19078
36796
12048
82916
30688
67812
80386
98948
59937
30004
67080
73776
12059
70828
66137
27157
15916
93595
91898
75946
76819
81962
94060
5169
88216
95750
12795
39771
11037
96527
70769
74054
86674
76308
69031
64455
59151
25994
70716
82684
27059
68226
98932
96752
64112
95746
41273
62124
89415
45078
96574
68453
47419
45684
90245
91064
54019
68752
82988
26568
12837
55903
35348
86412
78324
45594
85038
85959
60428
82131
24050
1056
57026
99233
54097
41269
91838
74847
4798
51468
92448
18757
47395
41994
65901
64059
13293
8430
92990
27628
27650
3851
28021
42452
66319
88271
27917
92054
693
59980
45448
15058
80941
38679
68175
88780
82523
26690
66955
82164
88259
12819
46944
70702
57349
30524
6469
20820
24460
69635
26474
42945
64672
12647
64719
91618
78618
96063
76629
58522
47194
65628
67102
52056
72667
74032
7476
52088
11123
52778
7006
56354
16718
76173
4828
56194
17017
8227
77864
14240
90178
70432
5361
11723
30006
97254
91411
97261
4679
43666
80510
87027
20735
83331
97468
92379
54348
2658
79917
15811
41369
77970
91615
28866
36649
44715
11361
52419
85873
13884
44823
21272
18228
61472
26093
30612
84787
62087
58165
54315
40342
8220
53458
42176
31450
71140
15530
17720
9321
68014
73304
87014
1634
69798
50911
36068
82261
18341
61181
30177
70560
56878
12603
15588
78690
95026
47544
42537
91751
2391
85340
66151
56626
90713
66080
67900
58069
38264
91853
27572
96749
7409
30775
33647
97334
29564
67738
29350
80819
82593
94394
23329
76280
723
64133
54608
69782
84085
65643
27767
75936
14647
67055
59641
50539
88523
56811
88961
24884
13611
61744
2839
21820
20927
8806
13477
11570
49758
51108
41793
94677
85588
33987
939
86663
98305
1444
74686
14669
41085
95229
60053
82843
89132
89331
38842
5181
84206
4498
7955
705
56761
52670
4666
18436
46580
49644
47941
28297
81868
6902
7347
77977
21188
7947
65046
93897
65576
70651
1795
79908
77268
93677
74753
37653
16845
11652
37397
7793
84882
68359
76498
57234
5441
56877
8419
8640
7642
46529
83457
8850
46402
49201
1408
72798
74767
62661
15100
89108
82826
13510
62506
12891
61082
80236
84524
51821
25631
53362
24304
74118
61133
30935
8018
81428
94352
18839
28586
38768
64238
18284
2414
72365
93928
97658
81847
51843
6204
80204
48924
50135
99849
11381
74194
30492
71103
86349
13471
6215
53823
70064
23041
48509
66501
42886
63555
38094
29884
47207
77954
34678
22203
67286
36074
82620
53708
39347
92551
51398
14314
75128
33626
32359
48967
71385
22558
26574
27479
34577
17668
39408
6091
81653
99281
64217
62110
57139
830
64018
20511
65473
4561
55638
85641
16578
27769
7812
7519
74214
79224
71328
74976
83647
8610
2933
98187
80757
41549
92967
43505
74087
41276
4355
6778
18077
10278
40295
16875
12545
47915
78258
37293
61013
9553
64866
74320
50924
56503
9830
20044
71472
85804
65522
92017
76788
38507
71450
22787
69372
96995
32527
76075
56134
24126
79891
11118
69114
54899
59900
942
41127
44541
85310
61721
17335
38682
18450
87531
91114
95140
63688
75977
2870
39761
47055
37865
74695
61299
27853
12058
62005
83589
79624
5084
59206
42548
92624
77572
72167
67096
40979
22607
45495
15479
53071
32872
72063
19512
42114
87795
22937
87971
80520
52340
53974
7867
26607
74904
63554
11973
35670
90006
79004
77302
67817
60583
92970
98796
9635
39514
92351
87653
33353
52266
12200
38405
57041
59991
43275
8883
92232
83931
78913
42027
33990
58026
10133
7961
8618
52399
41094
53397
12442
16565
8643
60207
67468
4358
49003
64445
991
57757
96124
97359
53619
53404
41402
29185
3261
16192
32360
67461
82025
42375
70973
3184
13237
79394
28847
15569
67496
76339
93164
50126
47578
25329
92606
79392
5006
38313
18123
82173
30879
78550
44973
35515
87824
11359
19328
72066
81395
58790
56834
86072
65410
3219
15301
65744
32831
72429
81042
22579
83521
89770
6550
87022
34295
74768
87805
93402
46764
42238
81540
90790
48427
87870
78922
90596
2667
38296
19723
75155
88960
95646
62129
69140
94220
96870
45616
40713
24339
50160
10644
98346
41949
17266
90628
35078
38332
36340
42868
65479
63588
94464
6551
98398
11315
71543
89907
17301
82047
16883
43518
80185
31081
63791
7622
3953
37700
3808
4555
68239
63698
44152
36243
24598
12869
93272
64575
78999
894
30159
63626
21055
58639
20579
66449
75552
56490
93959
13233
9867
39214
46812
40778
45138
13021
38687
88641
31567
35201
15385
73551
23854
3693
66429
45153
57225
59676
39265
8172
58204
11292
87893
68070
17726
14982
7074
98518
38984
79002
50188
81458
17064
91318
33253
69328
62851
1309
1111
76755
86020
98065
25156
88880
52849
2894
46073
23402
17089
17347
47283
66242
98988
32003
69257
58428
69634
6823
77868
90830
33897
92740
28891
99214
31598
14999
79312
48400
41192
2783
85605
23481
31108
25287
83224
7426
14163
36221
49001
43418
48498
64897
97871
63339
3452
31461
57329
99514
68337
95963
589
12345
78434
93252
94907
50492
97753
83928
31689
82477
38158
52454
73921
55519
86358
70372
96872
75960
12716
20957
10899
88741
15410
90323
455
49433
94986
72634
15606
88988
78942
11236
40624
52420
58672
64666
7710
79748
84337
5917
46388
28065
74899
93299
23557
17813
79501
34065
24476
57706
27792
84994
47606
88189
42625
82631
40729
18947
39570
38410
33327
11426
55180
87601
66703
41603
7967
7775
83561
58285
67109
60235
40589
53036
53061
73951
52582
22280
46670
62995
95290
85693
91595
86561
76334
5813
9486
38819
14666
90576
58864
753
62657
48637
17593
80188
90020
23898
39383
89515
27725
65872
72590
87429
63257
24113
56528
35210
61907
31942
37773
30408
61711
45768
93600
89701
51068
74288
15646
61020
39425
2920
89037
91215
96042
18569
78408
52583
30361
59437
25488
77462
61052
65160
14378
49872
76231
75384
36223
86389
86280
62635
74314
62494
11033
25295
32204
34455
65957
8401
99581
6696
43476
81477
37199
91927
69515
93591
39243
42321
66453
33781
37094
24235
7810
57946
61249
72871
97934
14185
8574
9193
2270
63033
62076
85991
1896
76618
78122
54687
2179
34825
93721
19476
34268
21323
83365
67152
80592
67993
29222
42569
37801
12254
48713
98641
6269
70206
11291
70174
79672
2836
76951
75328
96816
34677
97171
91056
30209
6710
84593
10805
1525
31054
86023
48831
73923
78661
4133
68628
87717
8848
9342
17773
10208
64423
21895
90915
58844
14342
42649
80170
76372
40168
81293
43681
21404
33298
28113
80256
26310
78029
92341
26531
91218
56619
73666
65843
61886
91124
69637
56520
3359
57943
24639
4864
54037
78196
89824
27599
51080
73320
53138
59969
70931
6535
40102
82849
4653
5465
53443
93917
8118
39153
28831
54906
83079
61038
37733
57794
14813
62047
92233
1226
56472
88379
33450
75625
90680
3302
1243
92804
8037
78452
97988
31302
74897
56544
8950
19659
12614
5841
70243
31482
11194
41141
36297
24080
11399
86643
57764
14491
53788
81877
53190
32761
99297
34265
73491
18780
23633
97546
7234
89447
92530
99086
82938
47557
75848
38443
1529
12690
83712
5136
28356
66381
37194
1049
41996
9435
69314
19019
41521
17298
31894
24612
50139
58625
73326
45723
38848
6330
91734
23244
48126
37759
7179
61995
17404
99348
82895
65781
39516
28873
61355
67833
26566
83623
99034
9559
53738
51672
27159
58076
48196
11084
86612
34095
15856
97197
34628
71121
98439
6387
52968
7536
69360
92829
32556
51155
41872
31757
35387
40728
3022
99635
8259
17903
89931
14335
2304
21967
96294
51285
14410
88721
52937
89538
17235
70050
93872
45843
55895
3856
20031
53305
64729
62681
52668
63831
76022
65137
25712
38621
84765
5315
29169
32338
98890
94045
67574
85121
36901
79056
45417
2351
14130
6301
501
22433
24473
3578
38757
69706
15022
76528
64685
31473
48121
40864
90442
14741
53582
21285
36791
25203
87004
31791
2486
82013
40230
34057
75562
22440
47524
19606
42269
1189
84231
28367
49871
53791
43390
40204
89334
84753
92696
89466
307
67295
93400
15774
5211
86706
19724
3272
91079
10004
46187
48546
92680
23469
38657
84771
97231
8952
86039
12478
24257
77093
63249
93893
12423
93817
28225
71157
97770
59745
99575
799
31972
36982
33994
24988
73758
18219
10877
15434
99687
76543
14733
11188
35922
29119
90571
73163
10250
77446
89354
24977
77114
12908
47114
18085
43354
29921
76413
24199
2357
28885
55721
69340
58062
22052
13542
95267
53256
49610
75739
7238
60861
61692
22088
19524
42586
28236
53266
11097
13304
91899
1816
27591
4042
33431
69269
62346
13010
54616
98786
47753
59290
49623
84864
62709
12871
22540
29055
18463
98256
32903
92879
72626
80568
57068
11347
11669
25662
87450
16384
61730
70908
12622
32764
58014
9673
77981
87262
63110
64174
39870
81744
45623
68096
48163
56564
30201
78062
40122
19398
18927
96655
18145
57212
34841
61149
5158
94811
33927
94076
84449
95802
91627
29968
65885
1270
55828
72969
51644
48821
13154
82071
19536
39103
89484
662
32451
85531
69484
73314
49086
98174
53033
99683
20465
46482
99058
7726
51864
47999
98489
44555
18695
10638
96969
6670
10407
3736
94500
16199
58018
72419
99570
15351
2400
38074
91856
72292
77362
85102
57277
22646
858
26783
31540
77621
34988
23857
64187
61455
45369
1688
77485
40504
30125
7258
97005
9691
70678
42691
95435
19531
50688
93937
51779
60772
65660
5578
46493
85650
79058
91715
983
21853
81893
37618
31673
10155
80821
13537
21113
37894
70632
68936
72548
78430
36644
57932
28291
71684
52153
17818
72095
57638
91045
47416
91128
36652
98405
34281
53809
34046
90582
61050
37931
94416
98958
32420
78165
77215
18166
15927
90440
77730
58767
61476
96859
55832
41427
79697
17588
3647
99334
47770
54934
42185
78152
54902
8371
93390
58252
4688
91705
30925
37255
33846
28901
32371
45997
48354
62106
89513
95961
53989
70588
26541
61040
68777
2429
97797
19354
73372
17570
92824
36614
55718
27348
31520
48378
63856
92484
32841
49481
4630
14660
92917
95516
88973
26813
33238
10221
80761
2588
8789
11654
69926
6066
54635
26558
55551
2977
79036
19974
5968
4698
72062
6098
86347
80273
96613
84475
17867
79850
93831
62985
52342
83893
37371
79074
56762
72872
27255
73126
86159
25373
27833
81209
33548
24196
57601
77430
24442
95101
15507
16361
70088
35835
64454
38053
39579
99524
46418
19946
19652
83314
17428
12470
89195
50560
28839
93377
28547
83763
51057
95420
72115
3622
74122
64416
5326
14480
70934
46147
66003
76945
78838
93734
27780
91424
10336
26192
3046
97272
1276
59751
10640
32474
80464
16193
53521
6176
12132
94738
13750
3136
7766
25927
42540
44753
42062
22382
74169
22740
91803
75743
79195
92979
45902
59672
74954
9552
47029
99702
26394
92853
33297
56791
53113
49012
26905
75554
88597
1424
32947
30304
10251
83083
31907
51866
90669
29353
29211
33350
4340
40555
89217
12956
59813
46698
31176
64137
12387
86965
67057
87838
41728
7814
35640
89488
69146
4000
39917
63863
10170
32330
64514
1992
91681
28930
17151
46516
77662
22711
4453
43982
86904
40992
36582
14929
16109
39407
95699
60008
28729
39246
87390
13650
11467
28013
11094
62390
59664
35833
33292
33503
72550
40043
82315
16510
87671
32602
31133
37300
84851
45130
83441
80200
69604
1497
64347
46430
24964
57244
69213
24554
76471
245
21916
33190
6161
56712
27482
97434
16206
73924
94447
15852
24561
85033
365
50023
6764
80344
5271
97470
14602
21665
46290
85460
84680
30658
64475
90617
53860
94004
70666
44929
93374
85526
81080
61920
58048
90782
19287
55752
97812
68284
18069
88513
83312
80351
12738
82299
8540
40565
58506
80547
7414
15970
12734
26503
25072
73882
91753
42930
98468
99479
80851
11893
87082
40193
5755
21927
27175
14932
65789
75519
478
41720
68770
82683
3088
7440
45404
91173
90534
12196
82307
5479
93267
80051
70887
63417
8733
61844
76785
81639
65266
34052
97141
87498
31074
53556
84725
27430
4725
23993
42522
40114
86276
87461
1241
71133
93059
82875
41636
52099
98807
94708
435
15841
41456
26939
58250
71537
11218
49432
78553
95895
46673
7168
80850
9528
36361
96267
1685
19668
57710
98053
92145
36286
47392
1140
64954
55398
51335
70007
69828
64141
89603
12472
18043
38307
16738
15355
68416
33009
71627
94426
62456
62046
77830
45390
51971
90109
4754
4120
43826
62058
79379
72280
78032
36020
78390
51202
20599
7446
42749
58180
9529
48152
71097
96667
21957
24828
90291
69727
64252
55710
85373
17659
37677
15304
16137
17802
87691
66494
22676
8506
67567
64039
68048
48729
56764
6675
91580
34753
79539
60179
141
85724
77094
70097
76304
91522
66816
46282
38548
57103
98487
15997
63616
57940
74367
45576
72130
47342
52920
50579
50038
56816
73214
68636
31587
68010
1980
83151
70336
91146
43076
61004
64673
24177
33033
73818
16125
15477
25404
59946
82810
37162
63207
88967
24923
69083
35653
6420
22934
47206
65950
82021
74762
89714
77687
43019
96677
96647
87723
19433
98831
94297
98980
5655
49512
17226
13632
19096
11952
77683
67422
33718
78157
48503
60858
6359
76235
41018
77885
70423
55610
15070
75531
2166
9981
44604
34176
74629
51361
99280
38584
62700
74149
75786
98040
39140
15637
91861
47984
45079
21973
649
15612
86419
92867
66894
46729
59963
75332
59301
45531
25621
97112
93514
34592
71961
12604
31979
58279
59251
98517
16961
57973
27931
31715
16611
83959
59113
79788
58624
62440
2965
42966
15727
19057
94810
18473
72713
41739
91116
42715
95057
76291
82890
85076
21844
26791
61195
72081
19436
59539
46072
5021
78250
5530
43426
40592
14703
41646
32161
15003
57475
98229
79249
91836
79806
50874
20216
65788
64463
3352
49203
25457
48959
23238
56921
48992
84999
36817
61127
36572
90923
91744
81546
97200
88811
78523
95389
47276
40089
54533
5374
33644
36604
88407
99362
25382
79994
12576
61102
8330
11676
38137
56463
47152
60371
28705
40777
25057
26518
82113
29995
10665
13013
10344
53066
62132
15147
78568
49437
72749
56388
90231
60058
58357
70941
73963
62236
69704
77603
28592
37836
95869
21574
87517
46608
23098
97819
87206
21607
35821
26199
25244
75680
20536
39450
25179
73627
16281
38337
15882
27177
60170
54204
74281
98244
52866
561
41153
40667
70344
33178
17162
37511
38996
90557
48139
48921
22510
19018
32348
55012
62457
84784
21410
29972
22333
43876
10334
78776
41897
35744
31858
29612
80725
98556
74917
95132
36203
72219
48249
89785
60237
66040
6007
58314
58362
55659
31057
63167
19785
23116
96099
81695
2766
1377
41546
49502
48399
19928
27768
81505
16937
55802
35074
67706
99880
33759
69093
12206
41077
61823
19530
36761
22441
52108
48136
1471
27786
89686
6728
77696
49766
99552
19020
60822
2637
30179
99830
81899
25387
75353
21602
58590
85001
24447
66885
6407
79499
826
83492
1900
40682
22534
89704
4171
10793
85627
78240
28584
59863
93874
83747
93405
432
62621
45035
99759
94493
96326
93718
65698
59204
3791
17494
20014
67207
8805
81205
76041
84531
69694
16258
50783
83000
31667
18421
95
12435
91189
66552
6214
49580
63428
9396
14271
53381
45111
60669
25531
83304
81478
59064
55891
25743
54522
23625
66162
42925
16219
95170
75641
49388
42736
41896
23292
68393
37105
14227
19155
32746
51851
30324
51139
69290
28442
8741
7012
59466
13923
74454
11268
82404
16342
52621
76460
16844
91699
29190
90703
95825
81703
44329
17429
20091
67538
83463
16472
48834
29107
91106
61633
26328
82589
19595
29841
27279
60922
69089
41870
97823
61231
84932
4320
14337
57438
23038
96746
49262
18163
59852
9031
90036
84707
30942
32391
76453
7843
12305
11625
86856
33401
49531
35141
96974
87331
25698
96629
96895
62073
29495
9527
15158
60397
66869
36461
91265
37614
69006
47626
22322
64338
94016
70276
95490
42437
20458
35215
39475
42422
68804
49462
77632
15950
66904
21566
95988
19787
52509
86262
8738
58931
17602
25945
46051
59100
69821
49689
7294
91364
10243
56782
1389
44297
86570
38230
9653
36743
21312
91019
2197
33131
22282
94137
13370
10961
16607
12431
35266
2746
55068
2655
34963
2217
71082
36432
26486
49441
36596
56833
64989
42069
29164
49442
50636
22470
45376
14539
60312
40326
43973
37886
35198
60127
24688
21355
12706
56796
40025
89305
99571
31132
22043
65086
68116
90874
64769
41160
60829
22619
43933
56099
26014
6966
85368
29682
58359
2688
83309
26345
75694
54454
80325
83733
46364
23304
56187
99488
39495
74938
35885
99424
70597
77908
54478
77951
79443
54804
56042
75175
18010
83564
7854
1149
13223
38794
94166
45140
45926
4533
88454
95223
63598
58525
6896
1642
2300
64587
87538
4182
87334
71581
23756
57534
52606
24147
35862
9516
36913
74119
80096
33842
64155
20249
23166
35812
78752
40163
95851
6185
51421
12212
48352
37130
26121
8253
3777
83988
32260
75693
31739
31355
65966
51952
26227
92837
66602
38314
20906
70163
99695
20400
50279
19297
21592
83542
45061
14365
26271
28468
55767
56090
73139
428
93247
41466
96251
41527
32592
54513
71421
37301
12084
1678
5525
57992
47790
1645
47930
66566
20325
3635
93871
38833
50652
52974
6965
64882
29522
65064
674
36410
26056
21981
25075
29676
50951
4391
6985
3664
84682
2371
49420
80131
18349
84941
50375
33079
37278
14205
39098
99911
50679
29538
34769
48451
85427
23452
58391
50807
92841
18403
86
48096
21250
39314
33150
43298
92747
52433
9287
83663
83276
68995
64726
23675
78027
55494
76921
77664
58788
27888
6713
34685
31573
28951
67090
43022
56190
62602
12833
78498
74010
47532
45058
64510
91102
95887
16831
68958
37433
12109
21338
19571
22093
18242
94479
55969
36704
70649
55002
89166
61924
32806
52886
36886
27676
88329
92951
72174
90511
60361
62934
99428
22046
20479
79427
89784
44537
14389
32053
99711
80514
48129
96324
62507
19305
56300
98798
48306
54572
62686
32088
82998
7708
54945
92654
84122
88692
93239
8907
1269
27503
37712
15981
93995
28523
68775
27692
15788
47073
38432
17678
5894
56845
80077
8549
18440
18407
64741
68611
1255
2187
70023
43241
23615
85974
8966
88208
55587
15701
86355
20422
35860
78354
53441
53725
54703
68675
88590
83865
77526
34890
79856
2176
85278
27982
82184
20282
71945
47133
43898
27268
77571
95184
961
61771
46644
16788
51889
69055
65721
33086
66470
21628
91714
83503
92745
10722
4952
36218
99128
92558
65535
8801
20903
3688
96645
62158
51249
14043
13638
14796
75476
78274
5628
91926
35018
38374
29378
37622
1285
12473
39039
14731
79138
36065
23082
34818
78219
84801
10922
98854
83693
82706
11634
31464
96576
95752
51224
97050
61904
83187
83662
60373
63119
21659
11148
59655
93540
65845
19777
55009
11700
35919
69776
92139
20245
49761
16589
5311
68846
65376
44186
10555
4259
91505
65521
83438
98220
19513
45039
68208
31388
99286
39251
67501
47604
63108
16628
69815
50517
13058
62963
79234
43456
38164
13737
84424
65895
55154
51818
84815
30537
88679
73315
65036
21201
18510
97161
26164
26319
35981
14286
4263
59910
71559
51756
29695
71553
57808
50087
85266
21623
12167
99194
20106
25136
44528
61170
51006
36513
57555
97541
15391
80349
93923
6127
86876
74283
30507
27191
86930
77463
80644
43704
21181
88749
52456
95916
3010
88434
68972
79362
95066
17497
66586
69661
62716
32949
54210
79273
3976
32870
36116
79608
22429
53603
76294
30322
94584
56867
39916
47447
22814
25727
91729
29986
56997
78075
60871
20402
98816
37737
32437
56469
47807
67865
68756
44498
60615
22920
9118
41742
36952
33232
24306
98385
94046
85238
52753
1663
64385
81434
14403
77348
43911
86962
14698
93246
30162
29375
96323
50072
32068
50563
95469
87721
72217
18198
51826
16866
67637
46844
92355
54911
55952
48844
5568
86769
70393
56718
38765
14265
49508
62434
91273
75117
43251
1969
624
98657
66063
88161
76601
86114
68457
21652
94760
82286
33428
4541
18529
5874
26294
7176
11489
90906
2639
67728
73992
45261
193
59840
6363
53242
7084
56452
58395
18841
63986
71032
91551
46967
55354
2866
72022
34883
71560
74343
47752
48512
22087
16333
1475
92388
15740
48619
21748
7102
60787
10516
36280
41285
51271
94679
14503
52961
87047
53034
19968
92722
26597
11926
46960
37866
97055
51606
16697
29621
24724
28086
35042
28232
86989
83341
13254
62468
71723
6709
67578
47655
15555
25667
77070
73836
19432
83537
56304
70619
57434
69054
49081
83751
49554
31448
28565
76273
75890
44335
20794
79123
73711
13348
33208
8494
61468
61080
95815
9574
7445
38457
36010
11130
54821
41343
27394
3303
23740
98176
95539
68256
37410
29483
4644
53173
46470
94392
89339
68205
80130
9013
86667
64348
55202
52518
39688
24279
50075
27852
93493
88604
9959
85841
45853
36007
61900
18674
43980
56823
1809
18646
84880
13565
89125
79243
88855
34039
73855
40708
62354
57022
41993
65637
31235
49395
51923
38732
48704
42247
26111
35733
43301
42298
83939
24385
26971
99040
9081
27713
55631
86098
98899
44538
34009
70982
51130
24662
89042
27765
40578
79538
44451
61805
21266
28051
49715
35441
44986
52759
87440
52773
37961
90527
39885
27113
72432
32563
75302
60038
21180
73106
61033
43117
44858
57142
55991
16040
75702
89365
2407
57154
65609
58390
30848
45171
73713
50521
85088
31533
66135
92352
1602
38922
45434
93658
55837
17477
58517
91435
94421
87048
69150
69429
59640
33084
32946
5819
7434
90837
42840
98751
54977
68832
22474
92658
47037
20968
4420
97321
17091
40403
29382
9440
57801
24713
41975
53286
58111
40986
25157
98289
87579
91616
35261
16175
49824
74387
76530
97424
54041
45183
74368
55795
41211
12396
33656
45588
76194
50476
30529
97152
70251
69967
93436
23953
75193
20686
62828
12524
90489
85
44470
92949
42929
86411
65515
70851
61367
59152
33566
33524
30831
71063
20526
80839
14595
98366
83385
11119
79535
97466
48386
93596
20703
53389
93681
44885
60927
71700
21350
17887
23876
79306
59496
11379
53007
57701
47495
20439
12559
83700
4045
67672
34839
26375
82768
40362
51391
9237
48783
76572
95691
25347
1540
88888
47756
18775
55197
65357
16495
23366
9419
10478
1288
62306
40136
53819
4525
36222
67891
9869
65017
590
20404
22892
40050
3331
85331
12765
39592
10924
3197
35750
30247
43763
97473
72823
4963
18644
52892
23692
79055
6264
80764
57989
85871
88370
79020
45681
35339
27170
31562
46346
14261
84086
85448
35202
34548
35861
96942
55688
16364
29332
76893
96744
19551
87568
6487
27266
52325
93741
94041
99368
20141
68
55137
59304
94214
3816
40237
46795
64246
41547
56810
78387
4177
15260
79552
81028
86066
58947
94691
16103
99
67648
84298
53572
56056
11006
85644
65418
49876
36145
48328
28336
39141
26580
29077
79222
32598
60231
70710
78653
80474
94703
15709
14054
9357
72343
63177
88874
57568
22401
79103
48912
42526
10094
44561
8006
67264
62663
38517
37014
78389
48841
16881
13868
75582
71440
25497
20868
18579
60603
25982
71142
42777
40222
98133
66718
95889
49628
78059
1534
85490
68043
62559
86067
86550
2159
84956
15283
63594
92907
4379
96138
30961
46135
63304
13999
78796
84642
22715
57976
78301
69459
65785
18611
89224
35422
23659
32098
50846
46037
20047
27003
38486
33273
7204
85934
43159
52878
97376
48219
98827
36940
37451
27613
77886
85806
93134
57332
52364
56173
74264
10796
31713
90249
72612
25087
25630
54629
23767
51395
69927
19099
91361
60542
99752
78672
41674
94127
43410
70587
13627
36842
95557
75579
37033
94568
43944
48215
23561
77495
7748
26889
15191
20996
79173
19008
62618
95002
49834
39371
98335
62099
65743
4760
9180
93942
32342
52883
86399
64253
58245
90463
58224
44566
36185
2083
11793
13521
38881
61640
58184
65474
80263
37939
27807
42171
45093
15284
80436
49072
28559
73600
57954
9233
81446
12286
91938
44438
54807
12303
74026
13550
27630
64972
54949
7560
20166
17045
64875
36522
13453
3970
22289
99248
25474
36261
22826
11873
57177
40963
50170
88784
43093
50248
98787
58994
87016
25546
44047
76292
3950
92725
82450
91893
97662
56938
88153
36488
44014
19735
83532
82569
87349
21890
96837
82555
59776
7517
37477
67153
11065
62986
80788
57983
84916
42977
99288
80035
10912
6937
88946
66704
10
77100
76534
63914
72783
16878
74158
39690
54474
22861
11257
60
9492
33142
8088
45918
14885
69610
26204
97879
98970
96137
18249
2457
9137
74457
58248
12849
45903
65079
41257
81712
82542
35307
83402
91274
93046
70017
42643
76349
61843
57767
57967
18318
62943
48212
73785
57700
31218
55733
74886
61300
33687
67775
61571
95422
9441
73105
33704
52622
97756
31166
93781
50355
83771
90104
35223
82951
19461
76692
15409
73181
19546
98219
5328
56573
97326
9177
32724
78625
3667
42292
78340
11316
95483
24537
87303
55204
92035
73982
75553
74592
27706
21758
76559
50272
91343
57679
89888
89696
74952
77222
67433
5103
71565
56637
75873
52251
64773
10693
21460
66896
79897
90803
79566
26829
6529
30861
65248
90008
35066
39696
54662
77550
41669
17994
22729
95377
40335
96820
91968
53778
22012
49175
62890
65836
77398
91256
80747
65042
21228
76675
37660
41770
17827
9548
82120
38438
11412
94524
15106
86465
73449
17037
32551
77497
47672
1145
57942
95322
24849
29818
83923
40800
7832
42430
5011
19972
57098
16981
94628
65351
21330
89634
26505
54200
18066
28078
1124
98296
99882
66798
42711
86746
85439
33840
30903
81959
33955
60728
17141
92062
26796
60641
69446
39776
96675
69850
28642
77933
72508
5826
26515
34299
52494
42193
12095
84686
66781
52802
9688
25475
46196
96897
91454
22351
51908
87756
68607
39654
41951
49410
16321
6135
14423
11383
8245
77718
60980
64802
90277
41428
54357
46219
77565
84239
60740
27403
68263
52151
78689
83154
31026
40384
11227
1045
68046
8874
54624
33923
23894
71949
7314
30027
52875
36965
47494
8024
54168
66977
54606
32714
7963
43276
14877
37021
2044
59048
88456
34831
89499
81081
89911
76641
62094
89757
61549
13943
41957
56248
25514
1509
63666
98205
79069
75344
72109
89531
89939
55310
17986
83673
45109
20530
47139
36968
37976
48772
92282
35929
50835
53097
71573
91240
16608
22518
61168
63358
33072
29562
33320
91929
6412
68637
50466
50308
97581
58188
42598
19394
50587
95535
96914
78396
87639
6865
80216
49782
62238
5956
96
19126
42842
33541
6212
12290
51636
27839
75720
83879
14067
16593
74589
75578
5883
85830
99761
21498
6922
36562
75574
32385
88154
59057
46380
83245
47051
78058
79747
1668
40210
85294
96571
59291
73038
6462
7149
2284
89255
57828
83963
13613
95792
18526
56094
40731
52844
29730
65061
47049
26331
42829
5411
50689
99438
96538
55467
82
94475
90097
9448
91774
88573
93882
26244
67681
84339
34897
4509
83454
64607
23823
85635
14618
79775
32797
5330
89199
22734
83478
61217
45930
16500
14568
45573
30419
43007
5475
15326
74141
41942
94302
72738
70388
76311
19529
25185
78054
11835
4589
38728
87152
10696
65814
98313
82257
50194
21273
28669
32880
3592
69890
96282
53641
15682
59847
21747
88546
45229
43616
39222
90336
33352
37778
22600
37393
54558
27925
24594
45752
38352
68893
41332
42344
58074
13699
80593
87775
90984
12684
80779
6993
53981
29210
27936
6498
12792
95056
44583
83849
1231
92567
26882
91845
80227
34809
26009
24742
23056
89049
88344
43540
54304
66200
30554
9819
34204
54076
35185
20855
3322
45277
57202
57913
12678
86763
83008
71546
56219
36919
73639
14608
59232
88443
8178
55153
22489
73261
50714
18603
50008
67555
67311
55282
93782
43822
99826
17192
49879
83913
77503
58731
24144
78288
26359
14421
77914
60589
51961
79158
67524
45718
53622
99282
76456
60903
37908
5422
28886
83336
60321
77314
76188
48962
80189
91638
11117
52683
17619
17645
56722
2864
83780
44609
14775
52772
7660
41979
13879
63128
64072
35285
25145
9557
32738
62521
53907
80423
21691
61201
95673
22685
60204
25052
35316
45959
10053
68950
8445
90025
6746
85256
51894
52158
86571
52640
97032
57263
87938
22054
49853
51679
48000
14677
69932
14986
66033
89438
36310
39063
22902
8862
47115
41008
4380
22349
16782
46161
11919
17861
82591
80086
61288
32155
9666
50923
37038
88508
5167
54458
35920
96761
8121
96278
83688
32795
69274
55147
44723
42724
35270
67842
81161
23242
19839
98427
8686
90057
37054
54242
26446
61810
8145
93182
51613
77992
67122
85636
28887
86317
76862
77149
7226
50516
99484
71208
55120
77208
93563
63343
71423
71384
11748
46582
85411
47015
59561
12978
28068
55084
66389
69041
39245
71497
13017
79302
93058
73944
43866
33139
54012
46109
33230
88929
81813
80187
57316
96665
99199
73481
98113
22769
35852
43115
19922
20438
98587
96672
19621
71735
39420
18804
34041
20770
70288
89580
26967
21751
60271
49596
39712
30086
42235
28607
87574
14071
85166
29764
36047
23150
72704
88775
98201
12252
24091
93913
47488
2753
78842
46469
82014
62326
78388
24945
37628
2711
63287
30651
45252
22873
15743
93084
14229
52060
43916
67747
87211
17500
13417
91787
4962
95340
33358
31042
18960
59337
45809
81897
98863
41173
72925
9831
23724
20538
71426
22812
99172
31396
58886
73640
27957
61971
62107
95982
11939
61788
44921
58664
30806
51152
84120
21472
77946
470
47220
3611
90033
41580
18268
20383
76631
534
81503
38604
6414
11265
23643
56937
18982
22997
6978
89920
27621
10179
94380
87433
43191
98469
7045
4196
33362
93490
32665
23480
25129
30417
755
98729
79996
51403
6913
90776
29116
43126
91092
30788
40344
50246
58765
40514
99201
18096
38778
28491
41306
17993
276
39768
59788
21318
89317
3662
60418
22074
97363
18855
86639
7359
84572
50491
72760
44308
57214
75010
52539
98357
24880
55220
58307
31531
33186
44569
13596
1917
19272
32792
29123
53140
91472
23681
93521
52749
24254
37275
64752
51815
29878
40495
73367
73522
39279
49465
33981
1178
782
48382
38921
24023
45729
46356
88314
39801
16646
58560
92521
40255
40413
1778
97533
80718
78091
32127
42451
47508
37196
30525
26459
94642
91576
73714
63713
92030
4303
20930
71529
57313
32622
71916
47748
80714
10228
15382
29808
72312
1107
16705
62340
16227
32019
32249
88493
53078
21729
85848
97660
23251
11722
14590
7269
75607
94096
13052
59758
16727
27192
10604
18731
13423
97951
1904
5972
65343
78429
14850
77808
69712
14524
8502
4068
71656
90949
22271
1576
97095
26357
67154
29133
31123
71234
97679
31359
32154
6486
7118
34596
38958
41840
91342
32732
13185
98631
42399
79383
44814
70252
86148
47811
37957
34339
60945
77271
43289
45406
22032
83494
36278
7261
43352
2779
16515
60503
49567
45383
23313
23109
90048
92051
48410
8630
48532
56988
76135
59940
81913
65152
42975
69148
41166
50379
91147
55590
76774
2020
74571
67661
35763
52275
52429
40417
64281
31999
93700
66314
4730
6719
36403
15051
55764
96991
65531
46839
96775
49673
25953
84110
85684
47704
38016
21362
31409
77276
89991
26981
63216
43033
38359
84557
2426
77335
29136
74364
91207
65962
81609
12198
19214
26383
63619
30530
2624
7239
67011
10930
1188
80935
37805
64470
95109
36490
80107
19399
33034
93518
74076
47787
35082
3079
48461
65700
78020
46943
43811
6660
46198
30481
85872
2591
48949
58354
31954
31624
89885
49936
50885
5300
89787
99169
74460
8322
2381
27041
7817
87280
62659
77502
28956
52615
74819
35590
45378
42589
13270
28250
95009
63453
26057
23037
69524
60835
22852
74694
44581
49984
39457
39491
87620
82166
14152
45054
93836
52258
77585
22679
67697
48397
80410
1398
1307
71368
41083
56871
6505
36717
90700
50376
41766
44223
36113
40744
71544
49063
74606
67462
94542
10758
10562
22340
60820
67303
23911
66238
30686
28034
52730
10455
16505
93799
74218
14773
82963
16198
34147
95320
62531
28554
98781
56700
22353
86185
57498
97909
96069
81168
93036
98924
55595
61719
73360
25506
63425
53084
60426
46406
19816
40564
83177
14889
40048
63270
43392
69123
9566
75438
14358
21761
25460
4535
25687
12555
7037
78259
53583
43764
26472
99252
76048
92576
75167
98855
7582
41264
7025
78759
35177
13553
89433
53116
92378
57962
31381
4856
20110
90412
95991
60678
84838
21826
20959
82906
48232
14201
77949
42555
4052
12597
11235
32744
7020
81876
43853
21333
37706
10521
35452
22366
4110
79825
74554
94292
12899
87295
24374
53751
73174
96488
24343
18364
36161
86120
77189
76145
19499
8566
68658
4516
9381
73388
91262
95583
5851
42561
4193
78060
8014
98779
23653
30351
93833
99048
39008
86536
59585
10671
55005
32212
67175
87897
42651
59373
57182
32445
95378
59394
4484
66487
12713
63513
36689
21234
69309
32074
61925
46654
95850
4942
63221
14710
33692
55403
37569
5969
31509
54755
32130
92374
74444
41304
76259
35560
47706
70365
80197
23766
24134
10654
70203
67086
78978
43008
17567
41209
84364
67325
91422
78233
18724
76835
30239
25746
2815
25526
12947
4393
42993
69568
98088
14033
51649
45658
56516
37842
89351
15285
93111
55818
11621
21217
91743
65497
65811
44535
86115
86026
97682
77587
60101
89324
24123
24283
10865
5789
96956
76777
53650
75202
76200
44985
41398
60339
91650
7293
78882
20625
41853
293
33830
68563
6770
88319
79615
43554
85028
26500
83226
28173
94535
38771
2810
28581
54367
21268
43809
81799
50645
72374
54402
1077
15613
97610
78750
6942
70554
63836
28397
54190
51552
16944
66731
12221
90862
69254
16751
30911
8482
5288
80158
74275
5632
62860
50649
39417
59710
96106
94873
70723
9942
97266
88568
18294
60595
33093
75473
40480
35958
24943
14994
8581
28254
60336
35677
14801
67420
84209
56955
13673
94260
67541
18524
32071
11797
73430
94883
42578
95620
32291
40954
97785
16508
51865
73531
87907
4675
63730
70915
35000
36543
56195
38327
46164
64474
80957
96770
50353
58808
32048
18353
66607
34165
3659
95227
25453
80589
9120
88828
81441
30411
9364
79361
74407
10351
70777
16771
68282
75242
47966
33184
17501
44032
28150
97062
58961
43386
74451
49559
20096
43938
42195
60069
45557
49603
48785
35808
6170
38772
22457
27891
50407
70696
49406
46745
26471
92171
60656
20878
88529
93314
75297
70232
51370
42498
45621
31986
72271
20287
65594
1997
90379
41255
49100
4037
54611
25895
10023
55803
49214
17026
52014
5767
36585
66707
4346
46416
95647
81668
53227
62905
16922
99026
72323
86009
10104
13636
71461
11279
64923
22253
99902
2048
34865
60778
61391
62651
35233
48198
78586
46025
27184
67599
7651
90737
59279
65837
96139
58488
77691
2780
32379
74447
85996
83337
93073
77844
80943
57935
77442
28992
53577
40648
50345
21327
31233
17837
62513
71470
60777
47136
92878
51260
5657
88220
63667
10874
65055
51481
18400
46240
28651
29952
88813
34727
38408
11671
59521
46227
16129
73932
28529
73856
57184
62552
81787
46386
93950
62219
83018
30037
25595
70720
52471
49517
881
21050
84388
55815
60955
32423
27324
77439
80869
14562
47961
64819
82309
29300
35788
71377
982
5419
78846
17562
58127
5510
10319
29253
40981
51302
91275
2047
17394
42126
99192
63826
92208
87503
16762
20587
5701
14260
66427
87415
28774
18831
93800
42366
27136
62254
71947
69674
72729
17955
67426
80028
83678
31347
35418
62185
2771
71041
49251
33398
2594
3024
31854
62489
20575
98389
70331
10364
88951
56231
53201
20412
67689
7513
81839
25554
86150
81604
78667
11437
30624
90047
77349
67830
79596
20123
7008
83200
91334
74784
47818
47028
71263
83843
912
28043
68588
16499
94065
3413
68916
33796
2036
20362
12540
57401
10619
80508
49901
58084
93925
44700
99554
41818
17243
5380
32148
97516
88113
61651
40386
25525
88202
43404
34804
91870
53351
45436
28175
19764
72639
10328
90838
70156
78785
93113
3655
33410
540
83072
52785
33355
76099
57920
32171
92559
89507
95896
64446
9413
12248
44204
8784
30600
85670
3986
98681
69389
92396
53741
1821
8151
1418
32376
30265
55181
91293
13076
53236
14081
66608
49230
87596
84351
35227
50966
61764
40303
60247
40134
6250
44158
47038
52451
15174
19726
37247
96617
92711
46410
91125
94508
44149
90395
10466
99093
91474
47714
6604
90013
1214
5630
22724
11716
19763
51501
45374
10043
98626
51563
87204
93362
76484
19323
58890
31145
41317
98759
89110
29213
64290
79053
95126
27371
18769
51289
90760
46875
9024
71917
76947
8737
47005
93477
10115
843
81662
41708
67808
21125
47429
18678
14665
66665
2398
9042
78738
5468
6425
91589
80591
54682
9751
86703
70426
7283
85530
58944
44527
50959
46808
73811
49401
61239
5940
41602
83831
5775
70065
43683
53118
24415
40879
30589
99159
17123
86366
251
32233
24082
40982
48078
17666
14819
53824
96413
58160
69387
58035
11550
18498
95842
15055
32772
89364
95221
66560
42378
30863
9261
58528
45392
83410
22639
81127
56471
76838
80983
35576
11057
38012
45924
25515
55901
93313
57489
95457
98143
32374
90481
69681
96077
19265
85107
52317
58072
89934
78023
82790
13187
30158
55533
10981
62736
76345
85126
71753
12355
47840
20750
37414
98068
70284
22610
97578
33691
28686
20175
71644
83420
511
93054
868
1844
95095
8586
12868
67979
87060
64840
27129
39555
75119
91676
6313
12885
50237
10540
46344
90004
43249
60070
60463
63321
99123
5646
91014
13940
94650
36625
42463
50512
30113
99178
22906
77629
64430
40490
96173
35985
89570
53096
51943
81313
86537
76214
89013
34284
2760
89759
26309
71761
43725
62229
58326
9251
87811
85313
13393
95584
22822
55948
83216
7215
30495
12227
93654
86564
37053
41744
73381
75869
89280
85423
30769
21918
77491
49505
9515
24824
849
2847
51880
15890
58053
61371
37522
13515
38539
15657
42347
12130
71512
62212
68784
17635
85875
59259
35150
43129
42369
79531
41976
71776
2980
40229
7607
56760
29815
85270
86007
68322
59694
45766
69957
27194
42950
38103
79101
7212
22343
20498
2521
77445
74615
13692
28107
88124
50315
16613
37336
81781
42692
10330
20622
89825
37079
69650
70178
47647
74298
86977
46655
3181
59143
81861
91888
1704
51040
7119
54074
97053
16805
30556
78567
33019
44347
15023
91873
57672
71269
77570
84312
81823
50417
35745
49820
95685
19376
54742
22448
98895
70431
89541
68625
47166
98417
42609
5574
89877
14981
79037
24928
56236
27308
51730
94486
65615
54809
50091
51620
51607
36332
18469
11795
43673
88212
31143
7815
51255
77325
54130
31574
49475
98633
66860
74432
38127
89510
43594
60957
66498
90241
22006
56653
36312
75278
61403
67141
8291
50433
91716
18560
29418
20324
74086
20334
48697
33618
7918
84984
71201
39596
74225
20474
58626
95580
60270
27021
32116
62096
11794
14787
21695
18580
67776
67213
7857
49759
68120
52330
78405
7512
56855
30627
42839
79092
49924
54801
18095
27361
64263
39181
22106
31100
93472
31718
73669
7586
97474
85115
85062
96806
62924
34638
54457
23738
15767
93183
75883
31780
10093
41180
71671
36347
68543
59819
47170
60686
23019
79323
39650
77508
27801
35417
43355
49162
28763
1977
30585
23087
19118
36407
69090
73937
15365
38229
474
69226
47391
86144
72784
37798
48358
21595
34546
3132
45372
79110
56577
55263
70271
10964
73787
1204
36629
45951
74682
33520
52068
74763
8563
25909
45119
93115
26366
16609
40505
48159
83479
87228
85462
19667
46553
90935
97486
86382
76591
21071
39041
43300
18370
46612
87796
41789
23039
2911
14860
56346
84807
6752
77126
8218
25231
51143
40856
49439
90492
41415
42914
42412
90817
17082
94653
74391
51752
72874
54596
66670
82016
90349
69803
34426
46653
73901
20369
43655
83660
22270
84552
29357
87132
78753
61529
80858
33155
20415
13494
85037
64229
58913
27824
26099
38740
84560
76659
59914
36668
67231
12612
65461
61563
59142
68246
