0
13154
75563
45866
53278
21896
4704
67889
67932
93472
38351
51943
83099
3457
5346
52972
67117
769
38343
6684
41750
68679
58899
93047
84619
52694
9196
65394
41601
70121
91035
76222
26246
4746
73611
32824
63266
75643
99107
36535
24704
98258
72268
75338
65154
7268
63165
88474
27272
43642
76652
47775
23778
27491
35927
16651
48653
89769
90924
6056
90468
50454
51631
31904
98668
49399
26615
9073
94780
7375
50072
38415
27709
91385
52976
46446
94101
5008
76154
77023
82784
12537
1586
68848
86828
62956
73625
72544
99949
88860
23320
30633
35102
51329
59113
84601
41209
84154
26932
41541
