100
0 218 780 513 580 297 142 711 712 942 445 567 848 131 148 577 704 106 445 160 476 718 630 938 862 574 182 689 474 731 920 786 336 142 763 395 670 781 992 429 322 985 751 778 687 165 669 897 345 493 790 530 314 347 423 250 538 908 919 154 915 554 565 387 988 545 339 181 953 166 551 446 349 923 577 518 947 145 786 793 845 212 114 720 882 667 763 753 1000 900 310 375 416 562 632 862 471 858 342 474 
218 0 584 521 358 260 238 615 822 129 581 549 960 774 599 902 662 858 243 291 743 217 181 347 102 473 124 739 945 316 262 386 899 687 235 713 447 449 550 232 629 861 631 960 601 233 985 468 227 608 327 540 518 965 213 279 387 666 214 686 660 823 323 529 450 283 125 912 484 227 953 469 218 897 183 246 164 429 328 221 805 510 414 507 828 939 687 293 712 918 325 875 524 555 640 836 781 516 957 670 
780 584 0 495 843 720 732 989 959 866 360 584 563 193 473 619 889 496 757 883 744 821 736 768 117 898 573 517 158 742 540 701 714 279 925 880 901 590 225 505 991 294 501 384 563 894 496 521 826 429 290 1000 238 668 655 100 100 796 755 387 476 714 713 284 853 738 846 185 173 788 667 292 292 173 450 957 953 451 342 723 355 799 806 480 354 274 110 272 985 319 838 222 458 641 259 846 242 990 331 310 
513 521 495 0 191 297 671 727 816 727 778 703 670 150 638 304 387 730 205 787 574 599 629 397 733 228 245 537 875 832 601 765 384 221 576 379 629 566 488 333 433 454 502 528 449 351 170 433 328 705 709 563 756 749 951 515 947 389 514 565 695 462 645 988 235 703 409 588 571 847 113 347 679 592 926 340 974 322 860 725 510 836 119 244 736 737 493 624 777 993 726 351 779 254 103 546 172 246 913 805 
580 358 843 191 0 772 493 105 626 567 160 590 451 294 447 664 693 739 585 352 835 435 718 379 108 193 569 799 298 149 163 244 752 367 145 530 511 568 502 235 357 851 726 620 713 398 151 989 588 101 871 126 440 541 619 765 712 583 132 210 976 269 416 653 647 213 598 959 421 855 977 333 326 482 832 909 320 785 726 507 337 699 205 288 202 592 105 258 640 489 174 719 438 853 211 976 126 172 545 793 
297 260 720 297 772 0 941 325 424 792 550 775 705 714 781 132 307 299 606 688 655 434 302 310 688 249 770 243 142 696 212 955 536 659 923 116 634 750 547 148 497 567 795 158 498 980 521 396 501 769 285 254 435 946 969 329 163 211 574 244 566 194 858 432 481 394 742 619 885 783 853 730 450 942 645 426 586 510 461 316 174 479 525 361 194 294 822 575 702 878 319 741 337 444 172 514 309 816 542 102 
142 238 732 671 493 941 0 339 698 483 268 968 220 817 952 254 646 157 413 363 559 844 851 754 396 822 669 140 137 238 791 155 567 937 298 284 180 730 736 545 335 741 440 280 309 492 523 875 980 500 130 571 128 778 633 841 396 309 583 487 463 989 971 866 881 380 233 998 676 521 939 722 834 587 616 243 951 840 240 137 409 199 186 567 120 605 872 565 707 764 729 120 272 704 411 159 226 929 299 442 
711 615 989 727 105 325 339 0 628 250 123 722 786 743 169 631 933 937 487 555 848 928 642 752 567 542 245 979 617 346 578 729 701 187 594 650 701 546 614 630 497 236 552 758 128 146 570 388 131 320 196 445 597 638 650 942 795 562 538 685 727 467 538 532 740 581 349 645 352 733 577 945 312 472 638 805 929 714 839 575 307 229 910 326 687 104 943 348 873 351 958 556 210 475 732 493 197 790 189 497 
712 822 959 816 626 424 698 628 0 410 367 782 404 398 150 616 537 282 203 977 879 543 431 825 246 243 152 234 521 442 896 482 471 686 377 154 833 908 928 911 793 253 615 128 823 570 876 349 883 628 450 831 573 946 478 622 774 893 404 270 769 747 892 165 739 892 423 180 245 475 186 707 606 832 891 793 672 907 891 538 201 440 444 719 209 169 229 530 738 314 452 979 666 713 918 426 874 815 486 166 
942 129 866 727 567 792 483 250 410 0 549 535 506 550 767 940 370 231 199 172 976 467 314 967 850 278 216 276 405 618 496 627 490 431 444 640 486 234 703 996 728 462 865 838 814 437 108 532 675 682 681 819 440 422 450 401 724 230 362 700 869 383 229 642 105 929 444 565 410 337 362 851 212 671 143 512 439 240 781 700 110 816 605 360 474 388 563 747 858 308 518 436 145 166 282 610 849 480 856 364 
445 581 360 778 160 550 268 123 367 549 0 263 422 941 631 432 517 665 950 465 145 500 636 774 878 218 194 699 850 623 693 984 117 930 275 971 571 351 748 632 854 852 694 758 679 414 581 698 391 883 498 927 349 957 205 474 853 967 399 574 582 837 937 697 319 948 637 213 322 898 276 246 853 642 661 855 705 452 885 701 204 100 709 666 509 617 129 416 870 434 695 619 154 770 351 498 258 182 908 994 
567 549 584 703 590 775 968 722 782 535 263 0 635 129 722 538 612 907 491 720 283 534 345 953 320 958 529 214 966 872 295 106 805 145 965 677 616 223 216 842 552 690 555 574 206 913 702 350 448 452 848 318 211 756 683 281 864 120 195 269 425 802 748 700 623 416 241 363 252 301 704 464 898 622 408 493 730 851 813 865 354 338 253 580 165 999 775 210 248 483 796 292 490 129 937 195 339 534 814 332 
848 960 563 670 451 705 220 786 404 506 422 635 0 292 354 442 287 936 788 655 618 421 917 278 202 812 729 116 773 203 906 689 411 444 293 398 116 923 807 454 757 849 890 216 409 948 426 417 172 615 799 860 544 836 679 492 417 414 353 928 664 770 241 799 327 651 869 383 648 213 436 220 335 213 282 776 163 513 967 311 277 716 173 869 237 208 829 950 141 154 847 227 821 304 459 639 690 148 988 831 
131 774 193 150 294 714 817 743 398 550 941 129 292 0 472 128 197 977 881 704 851 314 745 631 300 305 101 503 469 940 120 562 439 874 815 649 398 662 689 680 333 123 989 287 678 604 439 208 504 224 627 588 535 898 173 426 190 369 858 922 845 974 832 818 856 504 678 725 834 521 274 461 938 520 440 566 305 910 988 223 513 720 351 468 766 128 373 273 832 347 746 468 807 750 619 670 819 100 665 412 
148 599 473 638 447 781 952 169 150 767 631 722 354 472 0 525 543 577 387 872 224 459 448 862 150 511 789 363 966 1000 768 415 817 279 641 589 326 281 618 562 773 647 991 819 599 232 196 571 321 615 401 711 162 861 889 399 231 770 696 462 627 600 545 653 933 653 331 135 659 409 121 254 650 481 612 758 436 429 439 178 625 476 199 393 717 608 885 579 978 154 528 199 993 595 729 214 527 153 501 927 
577 902 619 304 664 132 254 631 616 940 432 538 442 128 525 0 495 873 998 594 211 862 271 698 691 976 512 243 225 355 976 638 867 156 933 955 520 354 514 488 880 278 446 784 833 706 750 715 382 251 719 929 249 103 258 260 278 702 707 566 391 520 389 184 884 501 233 687 948 894 695 283 253 114 249 198 425 605 968 321 121 127 898 898 922 593 255 538 833 943 625 594 525 778 399 255 562 442 846 971 
704 662 889 387 693 307 646 933 537 370 517 612 287 197 543 495 0 104 371 509 902 860 325 761 856 481 738 465 574 573 182 463 804 338 377 266 781 659 681 394 238 266 510 580 246 934 468 128 250 609 987 226 400 378 419 246 390 442 677 642 133 401 170 590 542 359 327 495 693 393 101 976 190 386 960 414 249 987 204 137 965 807 298 191 329 494 318 354 594 894 867 704 602 782 912 868 784 310 999 335 
106 858 496 730 739 299 157 937 282 231 665 907 936 977 577 873 104 0 437 369 771 993 790 486 678 517 192 263 877 553 938 909 362 666 978 590 848 149 270 978 789 883 129 567 438 973 274 305 637 907 595 176 800 794 738 146 896 164 996 343 550 719 774 951 721 921 254 834 354 534 920 733 459 251 913 289 594 435 337 826 312 693 402 570 508 646 701 119 838 439 588 973 772 814 783 508 466 320 732 292 
445 243 757 205 585 606 413 487 203 199 950 491 788 881 387 998 371 437 0 695 466 349 409 371 720 959 801 912 119 977 148 469 247 817 110 642 930 199 591 165 601 445 533 452 468 603 947 729 631 110 354 449 771 609 599 341 205 245 419 828 339 272 473 683 577 165 523 441 189 544 219 294 494 418 995 903 415 495 822 984 371 619 597 229 556 550 757 174 295 255 447 437 338 248 871 321 904 812 968 325 
160 291 883 787 352 688 363 555 977 172 465 720 655 704 872 594 509 369 695 0 355 595 747 564 538 417 873 471 118 925 964 612 999 460 629 826 467 139 591 217 617 973 713 286 608 848 363 375 981 987 625 399 569 174 827 714 635 283 280 247 352 277 814 885 811 181 244 322 786 565 453 882 399 637 802 989 959 841 800 718 858 665 792 457 627 478 822 530 722 833 596 365 628 527 909 486 334 518 100 692 
476 743 744 574 835 655 559 848 879 976 145 283 618 851 224 211 902 771 466 355 0 182 606 711 701 771 687 984 352 805 104 178 153 935 293 804 328 358 765 366 526 919 931 903 325 777 716 521 527 288 556 908 852 963 976 927 233 336 457 795 794 798 509 477 673 683 768 847 345 802 262 208 809 993 169 482 857 670 951 487 952 819 439 322 846 137 305 184 876 139 960 842 882 561 775 999 476 290 463 198 
718 217 821 599 435 434 844 928 543 467 500 534 421 314 459 862 860 993 349 595 182 0 426 187 283 448 842 910 970 836 475 836 753 513 474 634 643 701 989 765 103 663 217 907 710 395 313 506 713 333 231 734 639 722 166 892 282 295 760 807 963 744 767 275 294 118 856 785 296 478 343 709 853 145 661 670 512 198 753 115 471 584 192 676 492 125 318 397 669 438 590 792 171 787 143 266 523 855 404 431 
630 181 736 629 718 302 851 642 431 314 636 345 917 745 448 271 325 790 409 747 606 426 0 869 808 350 834 733 909 884 471 263 599 578 416 753 975 312 226 314 822 840 461 881 642 134 780 539 981 420 757 248 891 379 710 235 359 916 119 633 951 847 611 290 127 624 678 239 161 377 617 432 289 131 782 158 348 794 437 372 419 971 660 728 412 239 564 609 727 720 827 513 763 245 395 111 497 825 940 607 
938 347 768 397 379 310 754 752 825 967 774 953 278 631 862 698 761 486 371 564 711 187 869 0 610 618 989 756 200 560 500 527 591 627 233 753 573 411 629 129 918 782 557 468 517 246 724 131 724 254 325 953 769 838 360 399 690 852 482 497 488 153 445 680 566 288 764 720 562 430 552 211 474 832 126 587 204 760 669 595 560 736 561 749 979 735 952 444 667 266 540 374 718 730 865 541 821 261 505 310 
862 102 117 733 108 688 396 567 246 850 878 320 202 300 150 691 856 678 720 538 701 283 808 610 0 121 575 885 405 513 707 269 637 421 839 481 146 861 224 932 871 838 120 978 348 763 189 846 804 111 818 645 115 593 664 126 381 619 388 687 833 762 764 718 216 779 384 102 193 613 896 290 655 317 891 179 439 634 824 451 683 818 156 983 633 966 398 878 325 525 243 884 744 135 164 811 267 137 314 715 
574 473 898 228 193 249 822 542 243 278 218 958 812 305 511 976 481 517 959 417 771 448 350 618 121 0 273 686 410 346 385 120 983 305 696 299 936 155 808 359 686 446 263 767 331 580 121 354 535 942 971 628 897 411 883 105 272 381 303 559 836 298 589 272 264 680 905 545 351 225 416 265 724 174 138 424 319 367 614 446 416 880 360 927 388 773 696 815 941 564 816 828 377 620 390 190 153 721 275 490 
182 124 573 245 569 770 669 245 152 216 194 529 729 101 789 512 738 192 801 873 687 842 834 989 575 273 0 564 390 589 986 651 106 984 574 679 665 272 356 254 499 936 229 458 886 276 781 821 882 842 395 614 643 175 825 198 475 770 391 694 553 556 909 258 508 341 468 509 959 963 534 256 717 564 916 637 460 769 983 411 442 967 846 189 219 194 807 815 802 442 416 225 319 187 121 209 734 742 180 622 
689 739 517 537 799 243 140 979 234 276 699 214 116 503 363 243 465 263 912 471 984 910 733 756 885 686 564 0 938 629 631 996 619 158 345 438 331 314 830 985 347 220 140 678 621 690 582 416 928 892 169 254 867 535 961 186 638 210 490 208 457 220 695 479 706 332 526 613 803 268 309 239 670 641 537 187 127 409 807 926 472 939 339 321 466 820 227 628 634 831 713 565 841 693 596 445 780 275 215 604 
474 945 158 875 298 142 137 617 521 405 850 966 773 469 966 225 574 877 119 118 352 970 909 200 405 410 390 938 0 615 732 647 337 793 205 445 146 211 142 248 815 411 352 858 301 217 557 336 369 356 199 560 232 983 840 916 719 377 303 698 246 279 729 199 174 133 214 267 310 863 872 362 432 531 281 699 721 139 788 305 111 895 312 743 265 156 889 676 148 613 944 940 897 424 390 586 258 969 246 748 
731 316 742 832 149 696 238 346 442 618 623 872 203 940 1000 355 573 553 977 925 805 836 884 560 513 346 589 629 615 0 988 245 680 695 945 165 800 272 498 547 218 548 407 444 430 666 753 942 796 101 880 555 478 454 690 584 662 442 526 946 793 790 337 800 179 696 610 918 372 153 227 526 748 108 777 661 158 650 722 544 997 791 624 796 122 376 520 966 473 239 292 430 852 635 267 622 836 148 520 795 
920 262 540 601 163 212 791 578 896 496 693 295 906 120 768 976 182 938 148 964 104 475 471 500 707 385 986 631 732 988 0 455 491 393 367 920 371 560 654 235 325 948 986 553 911 541 102 348 1000 914 122 142 152 912 239 582 946 375 362 430 182 965 501 694 502 625 954 565 554 435 719 585 478 139 824 190 963 622 717 678 197 835 154 671 571 251 437 770 688 703 203 766 639 939 292 155 621 426 972 258 
786 386 701 765 244 955 155 729 482 627 984 106 689 562 415 638 463 909 469 612 178 836 263 527 269 120 651 996 647 245 455 0 833 338 914 608 143 533 993 730 206 832 540 101 278 163 475 100 194 976 483 637 925 383 129 824 651 305 463 340 523 282 442 681 988 628 317 486 722 292 343 959 119 418 532 220 719 298 349 223 611 714 746 748 806 333 459 998 239 277 206 240 851 155 349 657 627 417 959 423 
336 899 714 384 752 536 567 701 471 490 117 805 411 439 817 867 804 362 247 999 153 753 599 591 637 983 106 619 337 680 491 833 0 543 231 342 569 620 877 374 959 110 874 302 917 330 956 316 912 204 431 563 115 471 395 353 625 844 938 943 886 198 925 564 869 220 222 673 229 735 665 884 880 335 650 121 575 963 430 940 595 967 366 757 620 510 268 254 794 601 594 401 123 532 787 975 537 849 806 223 
142 687 279 221 367 659 937 187 686 431 930 145 444 874 279 156 338 666 817 460 935 513 578 627 421 305 984 158 793 695 393 338 543 0 126 429 873 426 757 683 399 411 316 221 831 412 191 918 275 570 309 564 283 265 159 551 984 552 575 418 428 394 349 652 507 996 547 884 940 842 501 134 343 737 235 963 880 650 943 835 927 955 131 444 255 345 356 359 589 308 101 226 128 198 653 277 236 242 650 594 
763 235 925 576 145 923 298 594 377 444 275 965 293 815 641 933 377 978 110 629 293 474 416 233 839 696 574 345 205 945 367 914 231 126 0 444 636 508 721 757 375 228 909 196 668 972 640 218 666 215 935 904 126 646 716 134 641 309 827 250 369 161 244 536 832 715 543 227 576 917 491 307 524 324 830 297 360 688 288 303 385 182 431 107 888 876 278 722 546 332 568 953 196 353 610 279 202 912 865 650 
395 713 880 379 530 116 284 650 154 640 971 677 398 649 589 955 266 590 642 826 804 634 753 753 481 299 679 438 445 165 920 608 342 429 444 0 106 845 302 117 869 902 678 678 103 880 312 184 324 876 504 567 636 537 779 104 334 249 883 598 844 978 556 721 657 721 123 344 263 479 995 311 224 479 273 192 407 488 712 515 379 669 451 782 527 480 679 610 162 489 519 643 654 528 975 308 236 563 488 981 
670 447 901 629 511 634 180 701 833 486 571 616 116 398 326 520 781 848 930 467 328 643 975 573 146 936 665 331 146 800 371 143 569 873 636 106 0 992 483 836 703 582 277 373 804 945 275 127 231 372 758 399 539 990 789 500 125 694 691 250 198 323 801 575 500 575 238 687 635 229 852 922 642 737 279 157 539 442 730 860 468 327 911 312 257 790 932 833 603 594 538 137 579 804 634 924 242 133 747 560 
781 449 590 566 568 750 730 546 908 234 351 223 923 662 281 354 659 149 199 139 358 701 312 411 861 155 272 314 211 272 560 533 620 426 508 845 992 0 466 152 109 161 152 199 980 445 316 117 425 477 839 947 383 590 400 907 681 577 433 303 238 923 141 299 647 303 611 265 475 265 670 803 727 134 321 585 849 517 681 969 757 918 401 613 969 968 633 677 124 547 598 774 361 448 548 498 372 936 106 386 
992 550 225 488 502 547 736 614 928 703 748 216 807 689 618 514 681 270 591 591 765 989 226 629 224 808 356 830 142 498 654 993 877 757 721 302 483 466 0 778 986 486 184 105 882 507 526 495 410 706 117 597 382 467 805 546 586 365 600 878 437 400 237 880 990 199 346 113 622 884 658 184 824 919 981 782 287 865 255 996 698 412 796 308 600 594 382 180 600 279 459 937 219 545 189 426 618 780 436 713 
429 232 505 333 235 148 545 630 911 996 632 842 454 680 562 488 394 978 165 217 366 765 314 129 932 359 254 985 248 547 235 730 374 683 757 117 836 152 778 0 199 499 933 598 932 749 700 730 122 807 333 873 219 811 208 515 776 554 106 561 648 115 352 490 268 944 935 801 489 545 165 172 664 951 134 737 487 558 462 171 341 430 322 435 884 256 534 186 166 960 334 450 275 650 990 277 617 509 253 430 
322 629 991 433 357 497 335 497 793 728 854 552 757 333 773 880 238 789 601 617 526 103 822 918 871 686 499 347 815 218 325 206 959 399 375 869 703 109 986 199 0 101 786 410 187 518 723 967 298 682 259 914 830 864 321 109 611 512 338 561 502 910 147 434 923 575 668 130 979 158 418 587 863 504 965 511 873 116 881 863 105 194 418 107 664 692 770 676 331 639 537 137 228 778 543 913 366 886 972 200 
985 861 294 454 851 567 741 236 253 462 852 690 849 123 647 278 266 883 445 973 919 663 840 782 838 446 936 220 411 548 948 832 110 411 228 902 582 161 486 499 101 0 615 224 747 505 798 886 759 736 470 840 832 859 572 461 628 497 763 766 344 964 767 718 483 472 860 132 202 902 716 471 359 880 324 732 696 479 117 652 534 392 212 564 464 483 534 812 400 870 145 101 460 601 648 840 486 425 484 818 
751 631 501 502 726 795 440 552 615 865 694 555 890 989 991 446 510 129 533 713 931 217 461 557 120 263 229 140 352 407 986 540 874 316 909 678 277 152 184 933 786 615 0 189 536 528 527 612 111 173 394 442 317 673 949 274 490 153 650 633 881 898 819 834 147 816 177 228 466 294 169 379 797 648 308 974 599 898 607 785 672 299 302 475 549 193 770 496 934 804 207 798 845 142 963 835 259 605 209 168 
778 960 384 528 620 158 280 758 128 838 758 574 216 287 819 784 580 567 452 286 903 907 881 468 978 767 458 678 858 444 553 101 302 221 196 678 373 199 105 598 410 224 189 0 586 341 231 621 981 676 171 925 230 786 883 559 472 961 222 802 819 959 235 599 336 920 793 471 184 509 483 760 683 813 699 659 366 595 987 716 313 775 108 638 433 843 267 288 699 911 653 375 748 394 796 519 216 226 287 838 
687 601 563 449 713 498 309 128 823 814 679 206 409 678 599 833 246 438 468 608 325 710 642 517 348 331 886 621 301 430 911 278 917 831 668 103 804 980 882 932 187 747 536 586 0 870 349 810 884 716 810 771 311 801 612 795 929 985 981 921 834 727 878 477 920 129 667 546 848 341 609 553 802 101 573 359 667 829 157 828 471 588 700 551 422 954 559 391 664 933 955 530 489 576 143 214 742 345 221 784 
165 233 894 351 398 980 492 146 570 437 414 913 948 604 232 706 934 973 603 848 777 395 134 246 763 580 276 690 217 666 541 163 330 412 972 880 945 445 507 749 518 505 528 341 870 0 810 862 507 716 290 406 511 614 824 928 247 616 994 178 450 685 407 494 287 468 832 676 492 145 355 304 427 373 562 268 405 322 854 817 582 511 446 987 175 249 199 264 341 900 602 776 910 355 911 247 315 772 831 830 
669 985 496 170 151 521 523 570 876 108 581 702 426 439 196 750 468 274 947 363 716 313 780 724 189 121 781 582 557 753 102 475 956 191 640 312 275 316 526 700 723 798 527 231 349 810 0 849 206 488 937 766 789 297 403 629 623 881 275 714 627 503 995 261 724 613 822 495 345 519 499 483 815 402 240 924 698 221 801 231 394 958 589 445 221 931 441 757 242 598 988 880 970 273 253 879 448 302 828 927 
897 468 521 433 989 396 875 388 349 532 698 350 417 208 571 715 128 305 729 375 521 506 539 131 846 354 821 416 336 942 348 100 316 918 218 184 127 117 495 730 967 886 612 621 810 862 849 0 176 592 334 353 913 817 346 363 141 298 447 939 795 131 305 581 405 639 715 517 528 602 289 796 648 502 920 610 336 364 790 153 814 582 251 855 813 597 816 341 889 895 371 846 507 641 900 895 882 556 918 350 
345 227 826 328 588 501 980 131 883 675 391 448 172 504 321 382 250 637 631 981 527 713 981 724 804 535 882 928 369 796 1000 194 912 275 666 324 231 425 410 122 298 759 111 981 884 507 206 176 0 801 794 787 258 968 417 333 729 793 996 850 642 587 220 552 448 459 295 405 991 988 226 498 838 610 875 950 918 345 393 997 105 186 258 931 133 877 703 752 729 125 992 501 373 186 876 181 176 900 520 369 
493 608 429 705 101 769 500 320 628 682 883 452 615 224 615 251 609 907 110 987 288 333 420 254 111 942 842 892 356 101 914 976 204 570 215 876 372 477 706 807 682 736 173 676 716 716 488 592 801 0 981 183 548 396 706 756 461 260 950 663 166 973 238 574 801 276 581 943 314 844 159 183 551 615 140 567 503 499 260 175 652 636 571 440 701 436 584 157 735 567 895 909 915 556 409 199 925 150 592 359 
790 327 290 709 871 285 130 196 450 681 498 848 799 627 401 719 987 595 354 625 556 231 757 325 818 971 395 169 199 880 122 483 431 309 935 504 758 839 117 333 259 470 394 171 810 290 937 334 794 981 0 995 286 784 989 369 643 867 315 291 792 946 178 955 925 239 503 686 324 506 858 753 557 341 315 526 707 849 1000 955 478 628 528 629 704 196 668 717 373 774 732 874 385 764 355 348 692 415 670 120 
530 540 1000 563 126 254 571 445 831 819 927 318 860 588 711 929 226 176 449 399 908 734 248 953 645 628 614 254 560 555 142 637 563 564 904 567 399 947 597 873 914 840 442 925 771 406 766 353 787 183 995 0 212 539 684 393 366 432 235 617 806 833 670 469 769 331 517 694 557 162 874 529 379 865 586 423 305 468 994 636 662 886 198 156 735 229 465 819 822 260 396 646 895 187 613 150 569 902 768 738 
314 518 238 756 440 435 128 597 573 440 349 211 544 535 162 249 400 800 771 569 852 639 891 769 115 897 643 867 232 478 152 925 115 283 126 636 539 383 382 219 830 832 317 230 311 511 789 913 258 548 286 212 0 563 176 848 780 511 954 557 441 214 476 913 485 960 142 341 506 215 200 547 793 257 807 827 569 320 678 283 617 409 103 775 652 564 918 744 874 668 527 215 756 115 113 262 190 574 307 405 
347 965 668 749 541 946 778 638 946 422 957 756 836 898 861 103 378 794 609 174 963 722 379 838 593 411 175 535 983 454 912 383 471 265 646 537 990 590 467 811 864 859 673 786 801 614 297 817 968 396 784 539 563 0 177 945 146 539 266 535 422 628 407 547 252 363 983 129 522 873 302 582 388 868 786 415 789 719 587 606 452 387 992 486 323 568 611 744 328 349 670 272 530 949 256 917 840 915 735 646 
423 213 655 951 619 969 633 650 478 450 205 683 679 173 889 258 419 738 599 827 976 166 710 360 664 883 825 961 840 690 239 129 395 159 716 779 789 400 805 208 321 572 949 883 612 824 403 346 417 706 989 684 176 177 0 622 371 228 607 459 309 960 875 371 683 414 788 996 831 644 1000 806 273 708 860 775 534 322 801 962 638 227 156 564 578 953 178 650 939 140 297 831 298 743 457 537 981 433 557 341 
250 279 100 515 765 329 841 942 622 401 474 281 492 426 399 260 246 146 341 714 927 892 235 399 126 105 198 186 916 584 582 824 353 551 134 104 500 907 546 515 109 461 274 559 795 928 629 363 333 756 369 393 848 945 622 0 465 872 215 254 848 758 558 991 909 738 397 993 269 344 902 336 907 906 263 193 264 430 459 854 111 758 619 967 904 740 445 646 308 946 783 346 792 193 448 616 427 369 152 213 
538 387 100 947 712 163 396 795 774 724 853 864 417 190 231 278 390 896 205 635 233 282 359 690 381 272 475 638 719 662 946 651 625 984 641 334 125 681 586 776 611 628 490 472 929 247 623 141 729 461 643 366 780 146 371 465 0 109 471 433 238 199 491 824 358 718 251 887 573 277 190 382 275 267 142 531 733 218 256 790 796 468 773 285 436 686 422 100 192 363 199 574 443 438 290 995 360 485 316 764 
908 666 796 389 583 211 309 562 893 230 967 120 414 369 770 702 442 164 245 283 336 295 916 852 619 381 770 210 377 442 375 305 844 552 309 249 694 577 365 554 512 497 153 961 985 616 881 298 793 260 867 432 511 539 228 872 109 0 562 110 163 648 593 513 942 372 915 493 872 266 369 827 841 284 646 478 435 165 299 393 774 402 848 266 745 838 106 733 177 918 911 635 644 495 117 808 515 362 548 676 
919 214 755 514 132 574 583 538 404 362 399 195 353 858 696 707 677 996 419 280 457 760 119 482 388 303 391 490 303 526 362 463 938 575 827 883 691 433 600 106 338 763 650 222 981 994 275 447 996 950 315 235 954 266 607 215 471 562 0 942 616 812 554 162 429 363 498 905 946 708 121 411 100 595 937 249 794 796 395 416 713 244 527 667 239 351 693 993 518 965 393 565 548 834 596 869 695 417 725 154 
154 686 387 565 210 244 487 685 270 700 574 269 928 922 462 566 642 343 828 247 795 807 633 497 687 559 694 208 698 946 430 340 943 418 250 598 250 303 878 561 561 766 633 802 921 178 714 939 850 663 291 617 557 535 459 254 433 110 942 0 233 504 506 584 637 622 546 379 989 456 637 373 168 475 789 738 768 860 644 660 769 616 333 458 230 959 621 476 331 814 837 285 463 337 174 539 128 993 836 586 
915 660 476 695 976 566 463 727 769 869 582 425 664 845 627 391 133 550 339 352 794 963 951 488 833 836 553 457 246 793 182 523 886 428 369 844 198 238 437 648 502 344 881 819 834 450 627 795 642 166 792 806 441 422 309 848 238 163 616 233 0 200 772 215 561 434 320 915 830 444 443 261 280 976 939 751 982 751 535 570 597 600 689 165 236 182 893 855 993 689 573 427 804 733 187 808 288 863 321 947 
554 823 714 462 269 194 989 467 747 383 837 802 770 974 600 520 401 719 272 277 798 744 847 153 762 298 556 220 279 790 965 282 198 394 161 978 323 923 400 115 910 964 898 959 727 685 503 131 587 973 946 833 214 628 960 758 199 648 812 504 200 0 244 106 953 592 946 258 732 838 129 195 754 226 492 129 178 526 959 661 821 178 984 981 442 389 918 814 996 140 600 894 299 241 469 353 997 511 147 675 
565 323 713 645 416 858 971 538 892 229 937 748 241 832 545 389 170 774 473 814 509 767 611 445 764 589 909 695 729 337 501 442 925 349 244 556 801 141 237 352 147 767 819 235 878 407 995 305 220 238 178 670 476 407 875 558 491 593 554 506 772 244 0 303 371 888 237 822 329 234 469 537 210 953 293 461 464 437 358 455 764 539 822 638 344 261 754 825 545 795 207 453 187 431 231 227 227 948 866 663 
387 529 284 988 653 432 866 532 165 642 697 700 799 818 653 184 590 951 683 885 477 275 290 680 718 272 258 479 199 800 694 681 564 652 536 721 575 299 880 490 434 718 834 599 477 494 261 581 552 574 955 469 913 547 371 991 824 513 162 584 215 106 303 0 468 934 802 178 593 788 578 657 745 212 846 608 250 400 632 298 300 312 238 820 677 701 685 783 812 287 751 150 274 314 689 545 161 804 148 489 
988 450 853 235 647 481 881 740 739 105 319 623 327 856 933 884 542 721 577 811 673 294 127 566 216 264 508 706 174 179 502 988 869 507 832 657 500 647 990 268 923 483 147 336 920 287 724 405 448 801 925 769 485 252 683 909 358 942 429 637 561 953 371 468 0 817 916 555 917 353 999 193 520 211 820 305 131 635 364 540 774 226 772 692 733 590 542 310 561 549 492 601 381 172 179 439 652 237 843 146 
545 283 738 703 213 394 380 581 892 929 948 416 651 504 653 501 359 921 165 181 683 118 624 288 779 680 341 332 133 696 625 628 220 996 715 721 575 303 199 944 575 472 816 920 129 468 613 639 459 276 239 331 960 363 414 738 718 372 363 622 434 592 888 934 817 0 285 396 706 902 429 783 199 403 171 361 733 952 428 234 175 654 937 350 179 411 368 532 164 155 981 940 722 973 724 764 307 553 483 805 
339 125 846 409 598 742 233 349 423 444 637 241 869 678 331 233 327 254 523 244 768 856 678 764 384 905 468 526 214 610 954 317 222 547 543 123 238 611 346 935 668 860 177 793 667 832 822 715 295 581 503 517 142 983 788 397 251 915 498 546 320 946 237 802 916 285 0 621 848 651 333 411 558 454 300 289 387 749 131 192 249 762 536 507 180 885 527 123 574 926 825 452 276 586 345 614 673 582 951 751 
181 912 185 588 959 619 998 645 180 565 213 363 383 725 135 687 495 834 441 322 847 785 239 720 102 545 509 613 267 918 565 486 673 884 227 344 687 265 113 801 130 132 228 471 546 676 495 517 405 943 686 694 341 129 996 993 887 493 905 379 915 258 822 178 555 396 621 0 235 601 649 512 937 340 434 742 149 324 642 742 888 828 435 719 863 186 979 987 464 687 414 149 524 962 506 226 676 491 127 515 
953 484 173 571 421 885 676 352 245 410 322 252 648 834 659 948 693 354 189 786 345 296 161 562 193 351 959 803 310 372 554 722 229 940 576 263 635 475 622 489 979 202 466 184 848 492 345 528 991 314 324 557 506 522 831 269 573 872 946 989 830 732 329 593 917 706 848 235 0 697 402 391 442 680 869 693 615 710 447 439 589 903 149 951 433 850 890 466 388 847 146 834 147 880 454 294 809 881 503 212 
166 227 788 847 855 783 521 733 475 337 898 301 213 521 409 894 393 534 544 565 802 478 377 430 613 225 963 268 863 153 435 292 735 842 917 479 229 265 884 545 158 902 294 509 341 145 519 602 988 844 506 162 215 873 644 344 277 266 708 456 444 838 234 788 353 902 651 601 697 0 460 204 380 391 357 480 859 614 127 716 176 752 368 488 991 533 195 911 632 502 828 219 875 361 590 288 704 876 921 103 
551 953 667 113 977 853 939 577 186 362 276 704 436 274 121 695 101 920 219 453 262 343 617 552 896 416 534 309 872 227 719 343 665 501 491 995 852 670 658 165 418 716 169 483 609 355 499 289 226 159 858 874 200 302 1000 902 190 369 121 637 443 129 469 578 999 429 333 649 402 460 0 842 856 178 828 533 1000 262 681 884 560 175 496 863 403 764 310 872 102 151 355 763 719 829 268 601 737 219 481 626 
446 469 292 347 333 730 722 945 707 851 246 464 220 461 254 283 976 733 294 882 208 709 432 211 290 265 256 239 362 526 585 959 884 134 307 311 922 803 184 172 587 471 379 760 553 304 483 796 498 183 753 529 547 582 806 336 382 827 411 373 261 195 537 657 193 783 411 512 391 204 842 0 961 323 748 781 741 211 711 979 648 779 174 807 222 164 409 712 693 308 253 505 907 786 632 293 563 738 104 414 
349 218 292 679 326 450 834 312 606 212 853 898 335 938 650 253 190 459 494 399 809 853 289 474 655 724 717 670 432 748 478 119 880 343 524 224 642 727 824 664 863 359 797 683 802 427 815 648 838 551 557 379 793 388 273 907 275 841 100 168 280 754 210 745 520 199 558 937 442 380 856 961 0 678 129 130 804 855 763 632 282 667 569 187 604 329 202 815 886 158 377 546 285 139 690 155 350 390 838 269 
923 897 173 592 482 942 587 472 832 671 642 622 213 520 481 114 386 251 418 637 993 145 131 832 317 174 564 641 531 108 139 418 335 737 324 479 737 134 919 951 504 880 648 813 101 373 402 502 610 615 341 865 257 868 708 906 267 284 595 475 976 226 953 212 211 403 454 340 680 391 178 323 678 0 793 611 455 387 683 373 198 539 532 530 840 804 971 998 520 600 151 881 101 291 612 572 729 172 202 400 
577 183 450 926 832 645 616 638 891 143 661 408 282 440 612 249 960 913 995 802 169 661 782 126 891 138 916 537 281 777 824 532 650 235 830 273 279 321 981 134 965 324 308 699 573 562 240 920 875 140 315 586 807 786 860 263 142 646 937 789 939 492 293 846 820 171 300 434 869 357 828 748 129 793 0 490 334 421 487 942 756 117 477 854 995 110 971 244 447 230 477 714 304 751 780 382 422 980 690 158 
518 246 957 340 909 426 243 805 793 512 855 493 776 566 758 198 414 289 903 989 482 670 158 587 179 424 637 187 699 661 190 220 121 963 297 192 157 585 782 737 511 732 974 659 359 268 924 610 950 567 526 423 827 415 775 193 531 478 249 738 751 129 461 608 305 361 289 742 693 480 533 781 130 611 490 0 969 702 102 616 402 284 212 971 587 875 405 523 874 897 289 483 953 140 854 563 768 808 789 319 
947 164 953 974 320 586 951 929 672 439 705 730 163 305 436 425 249 594 415 959 857 512 348 204 439 319 460 127 721 158 963 719 575 880 360 407 539 849 287 487 873 696 599 366 667 405 698 336 918 503 707 305 569 789 534 264 733 435 794 768 982 178 464 250 131 733 387 149 615 859 1000 741 804 455 334 969 0 629 244 882 986 177 301 609 402 401 569 730 564 419 787 302 257 309 657 931 838 255 893 942 
145 429 451 322 785 510 840 714 907 240 452 851 513 910 429 605 987 435 495 841 670 198 794 760 634 367 769 409 139 650 622 298 963 650 688 488 442 517 865 558 116 479 898 595 829 322 221 364 345 499 849 468 320 719 322 430 218 165 796 860 751 526 437 400 635 952 749 324 710 614 262 211 855 387 421 702 629 0 743 273 755 652 573 169 965 732 170 380 543 774 891 551 738 574 561 193 426 123 946 702 
786 328 342 860 726 461 240 839 891 781 885 813 967 988 439 968 204 337 822 800 951 753 437 669 824 614 983 807 788 722 717 349 430 943 288 712 730 681 255 462 881 117 607 987 157 854 801 790 393 260 1000 994 678 587 801 459 256 299 395 644 535 959 358 632 364 428 131 642 447 127 681 711 763 683 487 102 244 743 0 842 879 868 880 627 945 723 559 610 846 723 975 529 317 113 549 263 545 243 773 470 
793 221 723 725 507 316 137 575 538 700 701 865 311 223 178 321 137 826 984 718 487 115 372 595 451 446 411 926 305 544 678 223 940 835 303 515 860 969 996 171 863 652 785 716 828 817 231 153 997 175 955 636 283 606 962 854 790 393 416 660 570 661 455 298 540 234 192 742 439 716 884 979 632 373 942 616 882 273 842 0 423 329 940 545 683 951 430 619 558 836 994 588 957 195 692 330 305 151 676 833 
845 805 355 510 337 174 409 307 201 110 204 354 277 513 625 121 965 312 371 858 952 471 419 560 683 416 442 472 111 997 197 611 595 927 385 379 468 757 698 341 105 534 672 313 471 582 394 814 105 652 478 662 617 452 638 111 796 774 713 769 597 821 764 300 774 175 249 888 589 176 560 648 282 198 756 402 986 755 879 423 0 500 958 908 542 385 765 846 605 906 641 468 284 301 456 475 885 615 799 593 
212 510 799 836 699 479 199 229 440 816 100 338 716 720 476 127 807 693 619 665 819 584 971 736 818 880 967 939 895 791 835 714 967 955 182 669 327 918 412 430 194 392 299 775 588 511 958 582 186 636 628 886 409 387 227 758 468 402 244 616 600 178 539 312 226 654 762 828 903 752 175 779 667 539 117 284 177 652 868 329 500 0 677 528 572 159 763 806 447 139 594 845 879 884 623 430 249 838 658 688 
114 414 806 119 205 525 186 910 444 605 709 253 173 351 199 898 298 402 597 792 439 192 660 561 156 360 846 339 312 624 154 746 366 131 431 451 911 401 796 322 418 212 302 108 700 446 589 251 258 571 528 198 103 992 156 619 773 848 527 333 689 984 822 238 772 937 536 435 149 368 496 174 569 532 477 212 301 573 880 940 958 677 0 753 505 280 187 744 839 799 554 337 680 379 884 647 930 172 410 709 
720 507 480 244 288 361 567 326 719 360 666 580 869 468 393 898 191 570 229 457 322 676 728 749 983 927 189 321 743 796 671 748 757 444 107 782 312 613 308 435 107 564 475 638 551 987 445 855 931 440 629 156 775 486 564 967 285 266 667 458 165 981 638 820 692 350 507 719 951 488 863 807 187 530 854 971 609 169 627 545 908 528 753 0 378 732 251 891 930 981 367 940 653 177 541 141 299 500 843 961 
882 828 354 736 202 194 120 687 209 474 509 165 237 766 717 922 329 508 556 627 846 492 412 979 633 388 219 466 265 122 571 806 620 255 888 527 257 969 600 884 664 464 549 433 422 175 221 813 133 701 704 735 652 323 578 904 436 745 239 230 236 442 344 677 733 179 180 863 433 991 403 222 604 840 995 587 402 965 945 683 542 572 505 378 0 603 354 935 287 228 297 658 901 794 656 395 465 880 167 181 
667 939 274 737 592 294 605 104 169 388 617 999 208 128 608 593 494 646 550 478 137 125 239 735 966 773 194 820 156 376 251 333 510 345 876 480 790 968 594 256 692 483 193 843 954 249 931 597 877 436 196 229 564 568 953 740 686 838 351 959 182 389 261 701 590 411 885 186 850 533 764 164 329 804 110 875 401 732 723 951 385 159 280 732 603 0 764 230 618 950 138 168 410 140 589 650 941 190 933 823 
763 687 110 493 105 822 872 943 229 563 129 775 829 373 885 255 318 701 757 822 305 318 564 952 398 696 807 227 889 520 437 459 268 356 278 679 932 633 382 534 770 534 770 267 559 199 441 816 703 584 668 465 918 611 178 445 422 106 693 621 893 918 754 685 542 368 527 979 890 195 310 409 202 971 971 405 569 170 559 430 765 763 187 251 354 764 0 934 463 744 154 154 522 134 540 431 942 978 388 661 
753 293 272 624 258 575 565 348 530 747 416 210 950 273 579 538 354 119 174 530 184 397 609 444 878 815 815 628 676 966 770 998 254 359 722 610 833 677 180 186 676 812 496 288 391 264 757 341 752 157 717 819 744 744 650 646 100 733 993 476 855 814 825 783 310 532 123 987 466 911 872 712 815 998 244 523 730 380 610 619 846 806 744 891 935 230 934 0 813 673 570 977 692 304 636 272 890 296 553 226 
1000 712 985 777 640 702 707 873 738 858 870 248 141 832 978 833 594 838 295 722 876 669 727 667 325 941 802 634 148 473 688 239 794 589 546 162 603 124 600 166 331 400 934 699 664 341 242 889 729 735 373 822 874 328 939 308 192 177 518 331 993 996 545 812 561 164 574 464 388 632 102 693 886 520 447 874 564 543 846 558 605 447 839 930 287 618 463 813 0 601 798 475 307 667 318 194 666 545 311 883 
900 918 319 993 489 878 764 351 314 308 434 483 154 347 154 943 894 439 255 833 139 438 720 266 525 564 442 831 613 239 703 277 601 308 332 489 594 547 279 960 639 870 804 911 933 900 598 895 125 567 774 260 668 349 140 946 363 918 965 814 689 140 795 287 549 155 926 687 847 502 151 308 158 600 230 897 419 774 723 836 906 139 799 981 228 950 744 673 601 0 478 947 569 160 702 581 818 364 878 320 
310 325 838 726 174 319 729 958 452 518 695 796 847 746 528 625 867 588 447 596 960 590 827 540 243 816 416 713 944 292 203 206 594 101 568 519 538 598 459 334 537 145 207 653 955 602 988 371 992 895 732 396 527 670 297 783 199 911 393 837 573 600 207 751 492 981 825 414 146 828 355 253 377 151 477 289 787 891 975 994 641 594 554 367 297 138 154 570 798 478 0 631 356 451 213 383 294 542 904 242 
375 875 222 351 719 741 120 556 979 436 619 292 227 468 199 594 704 973 437 365 842 792 513 374 884 828 225 565 940 430 766 240 401 226 953 643 137 774 937 450 137 101 798 375 530 776 880 846 501 909 874 646 215 272 831 346 574 635 565 285 427 894 453 150 601 940 452 149 834 219 763 505 546 881 714 483 302 551 529 588 468 845 337 940 658 168 154 977 475 947 631 0 239 964 944 541 735 212 963 742 
416 524 458 779 438 337 272 210 666 145 154 490 821 807 993 525 602 772 338 628 882 171 763 718 744 377 319 841 897 852 639 851 123 128 196 654 579 361 219 275 228 460 845 748 489 910 970 507 373 915 385 895 756 530 298 792 443 644 548 463 804 299 187 274 381 722 276 524 147 875 719 907 285 101 304 953 257 738 317 957 284 879 680 653 901 410 522 692 307 569 356 239 0 886 371 573 169 912 587 337 
562 555 641 254 853 444 704 475 713 166 770 129 304 750 595 778 782 814 248 527 561 787 245 730 135 620 187 693 424 635 939 155 532 198 353 528 804 448 545 650 778 601 142 394 576 355 273 641 186 556 764 187 115 949 743 193 438 495 834 337 733 241 431 314 172 973 586 962 880 361 829 786 139 291 751 140 309 574 113 195 301 884 379 177 794 140 134 304 667 160 451 964 886 0 923 644 356 295 671 787 
632 640 259 103 211 172 411 732 918 282 351 937 459 619 729 399 912 783 871 909 775 143 395 865 164 390 121 596 390 267 292 349 787 653 610 975 634 548 189 990 543 648 963 796 143 911 253 900 876 409 355 613 113 256 457 448 290 117 596 174 187 469 231 689 179 724 345 506 454 590 268 632 690 612 780 854 657 561 549 692 456 623 884 541 656 589 540 636 318 702 213 944 371 923 0 684 648 484 595 299 
862 836 846 546 976 514 159 493 426 610 498 195 639 670 214 255 868 508 321 486 999 266 111 541 811 190 209 445 586 622 155 657 975 277 279 308 924 498 426 277 913 840 835 519 214 247 879 895 181 199 348 150 262 917 537 616 995 808 869 539 808 353 227 545 439 764 614 226 294 288 601 293 155 572 382 563 931 193 263 330 475 430 647 141 395 650 431 272 194 581 383 541 573 644 684 0 181 901 989 795 
471 781 242 172 126 309 226 197 874 849 258 339 690 819 527 562 784 466 904 334 476 523 497 821 267 153 734 780 258 836 621 627 537 236 202 236 242 372 618 617 366 486 259 216 742 315 448 882 176 925 692 569 190 840 981 427 360 515 695 128 288 997 227 161 652 307 673 676 809 704 737 563 350 729 422 768 838 426 545 305 885 249 930 299 465 941 942 890 666 818 294 735 169 356 648 181 0 598 445 215 
858 516 990 246 172 816 929 790 815 480 182 534 148 100 153 442 310 320 812 518 290 855 825 261 137 721 742 275 969 148 426 417 849 242 912 563 133 936 780 509 886 425 605 226 345 772 302 556 900 150 415 902 574 915 433 369 485 362 417 993 863 511 948 804 237 553 582 491 881 876 219 738 390 172 980 808 255 123 243 151 615 838 172 500 880 190 978 296 545 364 542 212 912 295 484 901 598 0 291 502 
342 957 331 913 545 542 299 189 486 856 908 814 988 665 501 846 999 732 968 100 463 404 940 505 314 275 180 215 246 520 972 959 806 650 865 488 747 106 436 253 972 484 209 287 221 831 828 918 520 592 670 768 307 735 557 152 316 548 725 836 321 147 866 148 843 483 951 127 503 921 481 104 838 202 690 789 893 946 773 676 799 658 410 843 167 933 388 553 311 878 904 963 587 671 595 989 445 291 0 721 
474 670 310 805 793 102 442 497 166 364 994 332 831 412 927 971 335 292 325 692 198 431 607 310 715 490 622 604 748 795 258 423 223 594 650 981 560 386 713 430 200 818 168 838 784 830 927 350 369 359 120 738 405 646 341 213 764 676 154 586 947 675 663 489 146 805 751 515 212 103 626 414 269 400 158 319 942 702 470 833 593 688 709 961 181 823 661 226 883 320 242 742 337 787 299 795 215 502 721 0 
31
55 $
58
32 18 $
47
78 79 34 $
83
19 30 34 53 $
29
71 7 83 66 17 $
86
88 30 46 26 91 53 $
15
1 10 62 47 36 28 32 $
56
91 65 47 82 22 53 51 72 $
31
84 72 36 66 77 37 74 59 86 $
97
9 60 4 16 19 86 93 66 90 47 $
